User Type,Username,Date,Text
,fede184,2010-07-03T09:41Z,"I will! :-)
Thanks for sharing"
