Title,Type,Files,Size,IMDB,Spoken Languages,Texted Languages,Tags,Quality (+),Quality (-),Uploaded,By,User Type,Seeders,Leechers,Info Hash,Picture,Capture Date
History Channel Tales Of The FBI Operation Solo PDTV XViD SomeTV,205,1,349.93 MiB (366931968 Bytes),,English,,,0,0,2007-07-05T07:54:46Z,PropAgenda,[T],0,1,68FBD3146CAA492FA1E28DF4606A0E9B7E064710,,2012-08-31T08:42:36Z
