Filename,Size,Unit
Ladrones.de.Mentes [Spanish][Shared By Serielinks.com].rar,699.96,M
