Filename,Size,Unit
/01 - Dubwar - Respected.mp3,6.92,M
/02 - Dubwar - Dub Over Now.mp3,7.83,M
/03 - Dubwar - Nar-say-a-ting.mp3,7.72,M
/04 - Dubwar - Crack.mp3,7.21,M
/05 - Dubwar - Dub War.mp3,9.77,M
/06 - Dubwar - Original Murder.mp3,7.57,M
/07 - Dubwar - Psycho System.mp3,7.05,M
/08 - Dubwar - Words of Warning.mp3,5.56,M
/09 - Dubwar - Crack D Dub.mp3,7.19,M
/10 - Dubwar - Over Now.mp3,7.4,M
/Torrent downloaded from Demonoid.com.txt,47,B
