Filename,Size,Unit
/01 Intro.mp3,3.02,M
/02 Gyromancer [Elite Force Remix].mp3,7.77,M
/03 Ghetto Fabulous.mp3,10.1,M
/04 Come With Me.mp3,9.24,M
/05 The Crystal Method vs. The Doors [Roadhouse Blues Remix].mp3,9.07,M
/06 We Have the Energy.mp3,9.19,M
/07 Salty [Meat Katie Remix].mp3,10.28,M
/08 Keep Hope Alive [J.D.S. Mix].mp3,10.51,M
/09 Speedfreak.mp3,4.88,M
/10 Kalifornia.mp3,8.11,M
/11 Octopus.mp3,4.96,M
/12 Reign [False Prophet Mix].mp3,12.17,M
/13 Starting Over [Elite Force Mix].mp3,8.57,M
/14 Bound Too Long [Hyper Remix].mp3,9.92,M
/15 Bizarre Love Triangle [the Crystal Method's Csii Mix].mp3,10.14,M
/16 _1979 [New Originals 1799 Remix].mp3,12.73,M
/17 Never Let Me Down Again (DJ Stiletto Flutterby Mix).mp3,12.13,M
/18 Leave In Silence (Tuttincoro Remix).mp3,5.8,M
/19 Only When I Lose Myself (Carmello Delicious Vocal Mix).mp3,7.25,M
/20 New Life (Max Hall Remix).mp3,9.38,M
/21 Clean (Dirty Dub Extended).mp3,15.91,M
/22 Shame (Millenium Remix).mp3,9.07,M
/23 Precious (Amnesia Brothers Bootleg Edit).mp3,8.11,M
/24 Enjoy The Silence (Vino Gomiero And Colombo Remix).mp3,10.26,M
/25 Deeper And Deeper (T. Raumschmiere Remix Dub).mp3,7.74,M
/26 Suffer Well (Narcotic Thrust Mix - X-tended Version).mp3,6.56,M
/27 Precious (Bob Motamedi Psychedelic Express Bootleg Mix Edit).mp3,9.86,M
/28 It's No Good (DJ Newmoon Remix).mp3,6.41,M
/29 Halo (Behind The Wheel Club Mix 2006).mp3,18.14,M
