Filename,Size,Unit
stargate_atlantis_s03e16_xvid.avi,348.49,M
