Filename,Size,Unit
Äkta_Amatörvideo_Svenska tonåringar komplett knull.mpg,99.84,M
