User Type,Username,Date,Text
,luckycompass,2008-05-20T17:18Z,Please Seed!!  And thank you ;)
