Filename,Size,Unit
/No-Cd Crack.ZIP,34.9,K
/Senaste Patchen 2.03.EXE,5.61,M
/TibSun.GDI.nrg,677.96,M
/TibSun.NOD.nrg,677.34,M
/Trainer.zip,80.7,K
/cctiberiumcash.zip,267.94,K
