Filename,Size,Unit
BitComet_0.59b.exe,1.87,M
