Filename,Size,Unit
/01 - Information om talboken.mp3,146.5,K
/02 - Del 1.mp3,55.07,K
/03 - Kapitel 1.mp3,4.75,M
/04 - Kapitel 2.mp3,14.87,M
/05 - Kapitel 3.mp3,11.86,M
/06 - Kapitel 4.mp3,12.82,M
/07 - Kapitel 5.mp3,16.04,M
/08 - Kapitel 6.mp3,13.05,M
/09 - Kapitel 7.mp3,14.28,M
/10 - Kapitel 8.mp3,14.31,M
/11 - Kapitel 9.mp3,15.35,M
/12 - Kapitel 10.mp3,16.24,M
/13 - Kapitel 11.mp3,15.27,M
/14 - Kapitel 12.mp3,12.97,M
/15 - Kapitel 13.mp3,13.86,M
/16 - Kapitel 14.mp3,14.46,M
/17 - Kapitel 15.mp3,14.32,M
/18 - Kapitel 16.mp3,14.22,M
/19 - Kapitel 17.mp3,14.26,M
/20 - Kapitel 18.mp3,16.02,M
/21 - Kapitel 19.mp3,13.58,M
/22 - Kapitel 20.mp3,13.7,M
/23 - Kapitel 21.mp3,17.53,M
/24 - Kapitel 22.mp3,14.33,M
/25 - Kapitel 23.mp3,17.5,M
/26 - Kapitel 24.mp3,19.35,M
/27 - Kapitel 25.mp3,16.33,M
/28 - Kapitel 26.mp3,16.57,M
/29 - Kapitel 27.mp3,15.67,M
/30 - Kapitel 28.mp3,15.55,M
/31 - Kapitel 29.mp3,16.02,M
/32 - Kapitel 30.mp3,15.6,M
/33 - Kapitel 31.mp3,15.31,M
/34 - Kapitel 32.mp3,17.45,M
/35 - Kapitel 33.mp3,18.09,M
/36 - Kapitel 34.mp3,15.94,M
/37 - Kapitel 35.mp3,17.16,M
/38 - Kapitel 36.mp3,17.59,M
/39 - Kapitel 37.mp3,17.25,M
/40 - Kapitel 38.mp3,17.26,M
/41 - Kapitel 39.mp3,22.27,M
/42 - Kapitel 40.mp3,25.7,M
/43 - Efterord.mp3,851.84,K
/44 - Boken slut.mp3,14.29,K
/Henning Mankell - BrandvÃ¤gg.txt,597,B
