Filename,Size,Unit
3DGameStudio.exe,5.8,M
