Title,Type,Files,Size,IMDB,Spoken Languages,Texted Languages,Tags,Quality (+),Quality (-),Uploaded,By,User Type,Seeders,Leechers,Info Hash,Picture,Capture Date
Rangers Songs,101,31,73.03 MiB (76581594 Bytes),,,,,0,0,2006-01-30T00:00:23Z,copland1873,,2,1,E023990127759019DA5C6323B437CC0EC48B053F,,2012-09-07T17:32:11Z
