User Type,Username,Date,Text
,roma0803,2006-11-16T17:11Z,"1000 downloads and no ""Thank You""?

Thanks, I'll give it a try."
[V],Albacken,2006-11-20T11:11Z,"yeah, Thahk you a lot, nice share *_*"
[V],Albacken,2006-11-20T11:12Z,^_^ like my spelling very much Ö_Ö
,Krille--3,2007-01-29T19:13Z,Thank´s :)
,HS76,2007-03-21T23:21Z,"Thanks!
 :)"
