User Type,Username,Date,Text
,abdullaspizza,2008-02-03T01:40Z,sn채lla seeda lite! =)
