User Type,Username,Date,Text
,khuzaima,2011-10-25T18:30Z,IS THIS EPIDODE 6 ?????
,BIGNOOBY,2011-10-26T17:10Z,"I highly doubt it after all  Usaf1979

Killd his seed on this 1"
