Title,Type,Files,Size,IMDB,Spoken Languages,Texted Languages,Tags,Quality (+),Quality (-),Uploaded,By,User Type,Seeders,Leechers,Info Hash,Picture,Capture Date
Ashlynn Brooke,501,1,299.81 MiB (314377875 Bytes),,,,,0,0,2007-02-01T17:59:37Z,gjgjhj,,1,1,F76C537C0E9D0EFBDC3853CCC4A84BB61B9785D4,,2012-09-03T18:27:47Z
