User Type,Username,Date,Text
,LLLM,2006-02-15T15:28Z,"Thanks  for all  the downloads,pls continue seeding"
