Filename,Size,Unit
/01 - 28  Jan Guillou - Den hedervÃ¤rde mÃ¶rdaren.mp3,273.88,K
/02 - 28  Jan Guillou - Den hedervÃ¤rde mÃ¶rdaren.mp3,1.03,M
/03 - 28  Jan Guillou - Den hedervÃ¤rde mÃ¶rdaren.mp3,20.36,M
/04 - 28  Jan Guillou - Den hedervÃ¤rde mÃ¶rdaren.mp3,19.98,M
/05 - 28  Jan Guillou - Den hedervÃ¤rde mÃ¶rdaren.mp3,15.9,M
/06 - 28  Jan Guillou - Den hedervÃ¤rde mÃ¶rdaren.mp3,16.69,M
/07 - 28  Jan Guillou - Den hedervÃ¤rde mÃ¶rdaren.mp3,16.13,M
/08 - 28  Jan Guillou - Den hedervÃ¤rde mÃ¶rdaren.mp3,21.59,M
/09 - 28  Jan Guillou - Den hedervÃ¤rde mÃ¶rdaren.mp3,21.94,M
/10 - 28  Jan Guillou - Den hedervÃ¤rde mÃ¶rdaren.mp3,26.77,M
/11 - 28  Jan Guillou - Den hedervÃ¤rde mÃ¶rdaren.mp3,19.43,M
/12 - 28  Jan Guillou - Den hedervÃ¤rde mÃ¶rdaren.mp3,23.44,M
/13 - 28  Jan Guillou - Den hedervÃ¤rde mÃ¶rdaren.mp3,17.86,M
/14 - 28  Jan Guillou - Den hedervÃ¤rde mÃ¶rdaren.mp3,13.34,M
/15 - 28  Jan Guillou - Den hedervÃ¤rde mÃ¶rdaren.mp3,15.73,M
/16 - 28  Jan Guillou - Den hedervÃ¤rde mÃ¶rdaren.mp3,19.36,M
/17 - 28  Jan Guillou - Den hedervÃ¤rde mÃ¶rdaren.mp3,16.36,M
/18 - 28  Jan Guillou - Den hedervÃ¤rde mÃ¶rdaren.mp3,18.83,M
/19 - 28  Jan Guillou - Den hedervÃ¤rde mÃ¶rdaren.mp3,18.61,M
/20 - 28  Jan Guillou - Den hedervÃ¤rde mÃ¶rdaren.mp3,21.97,M
/21 - 28  Jan Guillou - Den hedervÃ¤rde mÃ¶rdaren.mp3,16.63,M
/22 - 28  Jan Guillou - Den hedervÃ¤rde mÃ¶rdaren.mp3,19.58,M
/23 - 28  Jan Guillou - Den hedervÃ¤rde mÃ¶rdaren.mp3,27.51,M
/24 - 28  Jan Guillou - Den hedervÃ¤rde mÃ¶rdaren.mp3,28.36,M
/25 - 28  Jan Guillou - Den hedervÃ¤rde mÃ¶rdaren.mp3,14.93,M
/26 - 28  Jan Guillou - Den hedervÃ¤rde mÃ¶rdaren.mp3,1.71,M
/27 - 28  Jan Guillou - Den hedervÃ¤rde mÃ¶rdaren.mp3,806.94,K
/28 - 28  Jan Guillou - Den hedervÃ¤rde mÃ¶rdaren.mp3,20.61,K
