User Type,Username,Date,Text
,CARTMAN96,2007-12-09T02:53Z,SOMEBODY!!! HELP DOWNLOAD THIS GAME
,skeiterits92,2008-01-11T16:51Z,Seed please!
,gertgim,2011-01-23T12:41Z,If someone would be so kind and seed it please? im halfway through already..
