Filename,Size,Unit
/CD1/primer.vhsscr.haf.cd1.part01.rar,14.31,M
/CD1/primer.vhsscr.haf.cd1.part02.rar,14.31,M
/CD1/primer.vhsscr.haf.cd1.part03.rar,14.31,M
/CD1/primer.vhsscr.haf.cd1.part04.rar,14.31,M
/CD1/primer.vhsscr.haf.cd1.part05.rar,14.31,M
/CD1/primer.vhsscr.haf.cd1.part06.rar,14.31,M
/CD1/primer.vhsscr.haf.cd1.part07.rar,14.31,M
/CD1/primer.vhsscr.haf.cd1.part08.rar,14.31,M
/CD1/primer.vhsscr.haf.cd1.part09.rar,14.31,M
/CD1/primer.vhsscr.haf.cd1.part10.rar,14.31,M
/CD1/primer.vhsscr.haf.cd1.part11.rar,14.31,M
/CD1/primer.vhsscr.haf.cd1.part12.rar,14.31,M
/CD1/primer.vhsscr.haf.cd1.part13.rar,14.31,M
/CD1/primer.vhsscr.haf.cd1.part14.rar,14.31,M
/CD1/primer.vhsscr.haf.cd1.part15.rar,14.31,M
/CD1/primer.vhsscr.haf.cd1.part16.rar,14.31,M
/CD1/primer.vhsscr.haf.cd1.part17.rar,14.31,M
/CD1/primer.vhsscr.haf.cd1.part18.rar,14.31,M
/CD1/primer.vhsscr.haf.cd1.part19.rar,14.31,M
/CD1/primer.vhsscr.haf.cd1.part20.rar,14.31,M
/CD1/primer.vhsscr.haf.cd1.part21.rar,14.31,M
/CD1/primer.vhsscr.haf.cd1.part22.rar,14.31,M
/CD1/primer.vhsscr.haf.cd1.part23.rar,14.31,M
/CD1/primer.vhsscr.haf.cd1.part24.rar,14.31,M
/CD1/primer.vhsscr.haf.cd1.part25.rar,14.31,M
/CD1/primer.vhsscr.haf.cd1.part26.rar,14.31,M
/CD1/primer.vhsscr.haf.cd1.part27.rar,14.31,M
/CD1/primer.vhsscr.haf.cd1.part28.rar,14.31,M
/CD1/primer.vhsscr.haf.cd1.part29.rar,14.31,M
/CD1/primer.vhsscr.haf.cd1.part30.rar,14.31,M
/CD1/primer.vhsscr.haf.cd1.part31.rar,11.77,M
/CD1/primer.vhsscr.haf.cd1.sfv,1.3,K
/CD2/primer.vhsscr.haf.cd2.part01.rar,14.31,M
/CD2/primer.vhsscr.haf.cd2.part02.rar,14.31,M
/CD2/primer.vhsscr.haf.cd2.part03.rar,14.31,M
/CD2/primer.vhsscr.haf.cd2.part04.rar,14.31,M
/CD2/primer.vhsscr.haf.cd2.part05.rar,14.31,M
/CD2/primer.vhsscr.haf.cd2.part06.rar,14.31,M
/CD2/primer.vhsscr.haf.cd2.part07.rar,14.31,M
/CD2/primer.vhsscr.haf.cd2.part08.rar,14.31,M
/CD2/primer.vhsscr.haf.cd2.part09.rar,14.31,M
/CD2/primer.vhsscr.haf.cd2.part10.rar,14.31,M
/CD2/primer.vhsscr.haf.cd2.part11.rar,14.31,M
/CD2/primer.vhsscr.haf.cd2.part12.rar,14.31,M
/CD2/primer.vhsscr.haf.cd2.part13.rar,14.31,M
/CD2/primer.vhsscr.haf.cd2.part14.rar,14.31,M
/CD2/primer.vhsscr.haf.cd2.part15.rar,14.31,M
/CD2/primer.vhsscr.haf.cd2.part16.rar,14.31,M
/CD2/primer.vhsscr.haf.cd2.part17.rar,14.31,M
/CD2/primer.vhsscr.haf.cd2.part18.rar,14.31,M
/CD2/primer.vhsscr.haf.cd2.part19.rar,14.31,M
/CD2/primer.vhsscr.haf.cd2.part20.rar,14.31,M
/CD2/primer.vhsscr.haf.cd2.part21.rar,14.31,M
/CD2/primer.vhsscr.haf.cd2.part22.rar,14.31,M
/CD2/primer.vhsscr.haf.cd2.part23.rar,14.31,M
/CD2/primer.vhsscr.haf.cd2.part24.rar,14.31,M
/CD2/primer.vhsscr.haf.cd2.part25.rar,10.56,M
/CD2/primer.vhsscr.haf.cd2.sfv,1.05,K
/SAMPLE/pmrhaf-sample.mpg,10.23,M
/primer.vhsscr.haf.nfo,7.62,K
