Filename,Size,Unit
/Covers/Dos Cabalgan Juntos_Es.jpg,1.61,M
/Covers/Two_Rode_Together_Uk-front.jpg,467.54,K
/Torrent descargado de Dvdquorum.es.txt,40,B
/Torrent downloaded from Demonoid.com.txt,47,B
/Video_ts/VIDEO_TS.BUP,28,K
/Video_ts/VIDEO_TS.IFO,28,K
/Video_ts/VIDEO_TS.VOB,74.69,M
/Video_ts/VTS_01_0.BUP,94,K
/Video_ts/VTS_01_0.IFO,94,K
/Video_ts/VTS_01_0.VOB,13.73,M
/Video_ts/VTS_01_1.VOB,1024,M
/Video_ts/VTS_01_2.VOB,1024,M
/Video_ts/VTS_01_3.VOB,1024,M
/Video_ts/VTS_01_4.VOB,807.63,M
/Video_ts/VTS_02_0.BUP,18,K
/Video_ts/VTS_02_0.IFO,18,K
/Video_ts/VTS_02_0.VOB,38,K
/Video_ts/VTS_02_1.VOB,7.86,M
/Video_ts/VTS_03_0.BUP,18,K
/Video_ts/VTS_03_0.IFO,18,K
/Video_ts/VTS_03_0.VOB,38,K
/Video_ts/VTS_03_1.VOB,902,K
