Filename,Size,Unit
/01.mp3,1.57,M
/02.mp3,1.61,M
/03.mp3,1.58,M
/04.mp3,1.55,M
/05.mp3,1.57,M
/06.mp3,1.59,M
/07.mp3,1.58,M
/08.mp3,1.58,M
