User Type,Username,Date,Text
,hickeyink,2008-09-10T10:43Z,"SEED, seed, seed, seed, wat happened to the seeders.
 Cmon i been on this file fro 2 days now.
someone seed"
