Title,Type,Files,Size,IMDB,Spoken Languages,Texted Languages,Tags,Quality (+),Quality (-),Uploaded,By,User Type,Seeders,Leechers,Info Hash,Picture,Capture Date
"911 IN PLANE SITE Observe the footage 30 min into the film, reme",204,1,107.2 MiB (112406528 Bytes),,,,,0,0,2004-09-21T18:46:38Z,Achtung_Baby,,1,0,A9410A467795AB7F1208C3BE8128368568EF82FC,,2012-09-15T05:31:15Z
