Title,Type,Files,Size,IMDB,Spoken Languages,Texted Languages,Tags,Quality (+),Quality (-),Uploaded,By,User Type,Seeders,Leechers,Info Hash,Picture,Capture Date
REMEMBER90sValencia02[w.foros/web.com/hakemat/],101,2,77.4 MiB (81162662 Bytes),,,,,0,0,2007-06-02T04:18:05Z,hakemat00,,0,1,105D703F754BC96772ED2CC67B379585F7220317,,2012-08-31T21:37:40Z
