Title,Type,Files,Size,IMDB,Spoken Languages,Texted Languages,Tags,Quality (+),Quality (-),Uploaded,By,User Type,Seeders,Leechers,Info Hash,Picture,Capture Date
Worlds.Wildest.Street.Fights2 del 2.mpg,201,1,335.28 MiB (351569920 Bytes),,,,,0,0,2005-01-28T19:22:32Z,Vimabkalle,,0,0,38D60F1DE444DA9A1A8149A89AC4913E1773FB48,,2012-09-14T06:14:44Z
