Title,Type,Files,Size,IMDB,Spoken Languages,Texted Languages,Tags,Quality (+),Quality (-),Uploaded,By,User Type,Seeders,Leechers,Info Hash,Picture,Capture Date
Cat Stevens - If I Laugh (Live OGWT 1971),203,1,30.44 MiB (31923360 Bytes),,,,,0,0,2007-07-02T16:03:03Z,RosaMannen,[V],0,0,DB4B14329487B85FF246974943225DFC88D5F42A,,2012-08-31T09:44:38Z
