Title,Type,Files,Size,IMDB,Spoken Languages,Texted Languages,Tags,Quality (+),Quality (-),Uploaded,By,User Type,Seeders,Leechers,Info Hash,Picture,Capture Date
TORGEIR & KJENDISENE - GO HARRY,101,11,69.02 MiB (72374479 Bytes),,,,,0,0,2006-08-21T16:45:33Z,Eddie84,,0,0,555F96328B5E746F097A5E3E245A0F0098AF60CE,,2012-09-06T00:40:18Z
