Filename,Size,Unit
/Ode To Ian/Bärsärkarna - Ode To Ian - 01 - Ode To IAn.mp3,6.99,M
/Ode To Ian/Bärsärkarna - Ode To Ian - 02 - Land of Ice.mp3,2.78,M
/Ode To Ian/Bärsärkarna - Ode To Ian - 03 - Rape and Plunder.mp3,4.69,M
/Tor Hjelpe/Bärsärkarna - Tor Hjelpe - 01 - Leve Striden.mp3,2.52,M
/Tor Hjelpe/Bärsärkarna - Tor Hjelpe - 02 - Sveriges Fana.mp3,4.15,M
/Tor Hjelpe/Bärsärkarna - Tor Hjelpe - 03 - Odens Hjältar.mp3,4.02,M
/Tor Hjelpe/Bärsärkarna - Tor Hjelpe - 04 - Nationalist.mp3,3.16,M
/Tor Hjelpe/Bärsärkarna - Tor Hjelpe - 05 - Moder Svea.mp3,3.1,M
/Tor Hjelpe/Bärsärkarna - Tor Hjelpe - 06 - Vikingatåg.mp3,6.35,M
/Tor Hjelpe/Bärsärkarna - Tor Hjelpe - 07 - Blood & Honour.mp3,3.39,M
/Tor Hjelpe/Bärsärkarna - Tor Hjelpe - 08 - Till Kamp.mp3,3.16,M
/Tor Hjelpe/Bärsärkarna - Tor Hjelpe - 09 - Framåt Svenskar.mp3,3.24,M
/Tor Hjelpe/Bärsärkarna - Tor Hjelpe - 10 - Tor Hjelpe.mp3,4.13,M
/Tor Hjelpe/Bärsärkarna - Tor Hjelpe - 11 - Döden.mp3,3.56,M
/Tor Hjelpe/Bärsärkarna - Tor Hjelpe - 12 - Valkyriorna.mp3,5.82,M
/Tor Hjelpe/Bärsärkarna - Tor Hjelpe - 13 - Ragnarök.mp3,4.06,M
/Tor Hjelpe/Bärsärkarna - Tor Hjelpe - 14 - Leve Striden.mp3,2.77,M
