Filename,Size,Unit
/Nos das tu voto..Gracias !!.url,150,B
/Paul Oakenfold - Voyage Into Trance.mp3,99.66,M
/PCToRRenT DivX Full Albums Juegos PC VCD Series Comics.url,126,B
/PCTorrent Movil.url,162,B
