Filename,Size,Unit
ONE PIECE 296 RAW (640x480 XviD).avi,276.34,M
