Filename,Size,Unit
/15 nov CNN Marines firefight Fallujah.wmv,22.21,M
/Behind the lines in Fallujah special 1.asf,7.22,M
/Dutch-Documentary-on-US-Army-Special-Forces.asf,151.78,M
/Fallujah update.avi,21.81,M
/Kampe i Fallujah 070404.avi,32.88,M
/Marines-shoot-at-Insurgents-in-a-bus.avi,143.36,M
/Raw-Footage03.wmv,37.61,M
/Suicide-Bomber-Attacks-Mess-Hall-HDTV#2.wmv,24.76,M
/US-Offensive-Fallujah-Video_HIGH_QUALITY.wmv,8.84,M
/USMC fighting in Iraq.wmv,31.18,M
/day1.mov,178.11,M
