Title,Type,Files,Size,IMDB,Spoken Languages,Texted Languages,Tags,Quality (+),Quality (-),Uploaded,By,User Type,Seeders,Leechers,Info Hash,Picture,Capture Date
The Daily Show - September 2007 complete,205,11,1.88 GiB (2019118202 Bytes),,English,,,0,0,2007-09-28T17:18:19Z,aelfinn,,0,0,3100C08FCFEDDE339183132D6456B98405792478,,2012-08-29T00:26:21Z
