Filename,Size,Unit
/19 Bible.mp3,70.91,M
/Bob Dylan - Theme Time show 19_BIBLE.nfo,5.08,K
/Torrent downloaded from Demonoid.com.txt,47,B
