Filename,Size,Unit
American pie naked mile.avi,691.24,M
