Filename,Size,Unit
Stealth la amenaza Invisible [dvdrip spanish][www.topetorrent.com].avi,696.64,M
