User Type,Username,Date,Text
,mawds,2009-01-20T23:48Z,"cheers, was there in 94 - awesome"
,Rat_C,2012-04-16T17:06Z,"If you upload then why are you not seeding?
SEED PLEASE."
