Filename,Size,Unit
La noche de Walpurgis Ep.3.mp4,101.02,M
