Title,Type,Files,Size,IMDB,Spoken Languages,Texted Languages,Tags,Quality (+),Quality (-),Uploaded,By,User Type,Seeders,Leechers,Info Hash,Picture,Capture Date
Brooke Hogan miscellaneous sexy pics,603,74,13.35 MiB (13993667 Bytes),,,,,0,0,2007-10-26T22:37:55Z,T_Ghostie,,1,2,66D575A24979C6FFFE6F8B8C7D4C384B099E7FBB,,2012-08-28T08:41:16Z
