Title,Type,Files,Size,IMDB,Spoken Languages,Texted Languages,Tags,Quality (+),Quality (-),Uploaded,By,User Type,Seeders,Leechers,Info Hash,Picture,Capture Date
Media Player Classic v.6.4.8.4,301,1,4.63 MiB (4853760 Bytes),,,,,0,0,2005-06-30T20:55:47Z,urmamma,,2,0,61489A31302E8C0817DE9C27FFBB286DFAC61A06,,2012-09-12T02:36:37Z
