Filename,Size,Unit
/08.Jan.2007.XBMC.XBOX.MediaCenter.2.0.GasGiver.r00,14.31,M
/08.Jan.2007.XBMC.XBOX.MediaCenter.2.0.GasGiver.r01,14.31,M
/08.Jan.2007.XBMC.XBOX.MediaCenter.2.0.GasGiver.r02,14.31,M
/08.Jan.2007.XBMC.XBOX.MediaCenter.2.0.GasGiver.r03,14.31,M
/08.Jan.2007.XBMC.XBOX.MediaCenter.2.0.GasGiver.r04,1.96,M
/08.Jan.2007.XBMC.XBOX.MediaCenter.2.0.GasGiver.rar,14.31,M
/08.Jan.2007.xbmc.xbox.mediacenter.2.0.gasgiver.sfv,415,B
/GasGiver.nfo,8.39,K
