User Type,Username,Date,Text
,CTRDamian,2006-12-04T20:51Z,Thanks
,zombie_features,2006-12-07T14:38Z,?
