Title,Type,Files,Size,IMDB,Spoken Languages,Texted Languages,Tags,Quality (+),Quality (-),Uploaded,By,User Type,Seeders,Leechers,Info Hash,Picture,Capture Date
SALLY003BB hidden cam Girl Watches Porn and Masturbates with dil,506,1,56.62 MiB (59368725 Bytes),,,,,2,0,2007-07-15T20:52:54Z,cat_poker,[T],2,1,45B77B2833862AC887F63FF412C2C4D87F78AF77,,2012-08-31T04:27:36Z
