User Type,Username,Date,Text
,jesus2000,2005-02-10T18:01Z,Ge oss mera Inkubus Sukkubus om du har. SĂĽ fĂśrbannat bra!
,alexanderwall,2007-09-04T19:43Z,strider mot gud? idiot...
,Tenach,2008-11-13T00:33Z,Thanks for the torrent!
