Filename,Size,Unit
/james_thond-epixeirhsis_rwsobliet-dvdrip-xvid-2007-otinanai.avi,351.02,M
/james_thond-epixeirhsis_rwsobliet-dvdrip-xvid-2007-otinanai.jpg,158.77,K
/james_thond-epixeirhsis_rwsobliet-dvdrip-xvid-2007-otinanai.nfo,829,B
/james_thond-epixeirhsis_rwsobliet-dvdrip-xvid-2007-otinanai.sfv,262,B
/james_thond-epixeirhsis_rwsobliet-dvdrip-xvid-2007-otinanai.srt,37.11,K
