Filename,Size,Unit
Amateur - Blondes Girl - Abgeschleppt und Durchgefickt.rar,117.51,M
