User Type,Username,Date,Text
,joelad3,2006-09-06T06:18Z,Excellent !
,miranda23,2008-10-05T03:38Z,Thank you ver much greetings miranda23 nl
