Filename,Size,Unit
Partyhardcore 2003.11.17 By Bbr 4U Cfnm Fuck Fest Blowjob Chippendales Disco.mpg,106.74,M
