Filename,Size,Unit
"Dream Theater - Chaos In Stockholm, Live at Hovet 2007-09-28.rar",295.22,M
