Title,Type,Files,Size,IMDB,Spoken Languages,Texted Languages,Tags,Quality (+),Quality (-),Uploaded,By,User Type,Seeders,Leechers,Info Hash,Picture,Capture Date
Rachmaninoff plays Rachmaninoff (flac),104,20,226.63 MiB (237635086 Bytes),,,,,0,0,2007-02-09T14:30:25Z,osica,,9,1,53841EA85FC29CBDB5CA674E512410B24ADD873D,,2012-09-03T15:37:20Z
