User Type,Username,Date,Text
,limbaugh,2004-08-15T15:39Z,man tacker:)
,ok_computer,2009-07-13T05:07Z,Suze needs seeds! Please!
,ok_computer,2009-08-09T02:09Z,"Seed suze, f책 henne gravid."
