User Type,Username,Date,Text
,fresse70,2008-03-17T21:41Z,dont download this file it dosent works 
