Title,Type,Files,Size,IMDB,Spoken Languages,Texted Languages,Tags,Quality (+),Quality (-),Uploaded,By,User Type,Seeders,Leechers,Info Hash,Picture,Capture Date
The Sounds - Living In America,101,1,52.04 MiB (54568721 Bytes),,,,,0,0,2007-02-08T21:55:10Z,dan_the_man,[V],19,2,B96291796887335E57565E05344E5B0119130CB2,,2012-09-03T15:49:09Z
