Title,Type,Files,Size,IMDB,Spoken Languages,Texted Languages,Tags,Quality (+),Quality (-),Uploaded,By,User Type,Seeders,Leechers,Info Hash,Picture,Capture Date
Private - Explosive Women.avi,501,1,694.98 MiB (728741888 Bytes),,,,,0,1,2005-03-02T20:54:28Z,mofubush,,0,0,B839182C3F81CCF7D5F3FCE7884512FF702B2D71,,2012-09-13T19:15:08Z
