Title,Type,Files,Size,IMDB,Spoken Languages,Texted Languages,Tags,Quality (+),Quality (-),Uploaded,By,User Type,Seeders,Leechers,Info Hash,Picture,Capture Date
Gunter and the sunshine girls - teeny weeny stringbikini,203,2,32.82 MiB (34413284 Bytes),,,,,0,0,2006-08-16T01:33:15Z,pepimew,,0,1,D69B6746E2DCCBC45356023569CAF9F598B5B2F3,,2012-09-06T01:39:58Z
