Title,Type,Files,Size,IMDB,Spoken Languages,Texted Languages,Tags,Quality (+),Quality (-),Uploaded,By,User Type,Seeders,Leechers,Info Hash,Picture,Capture Date
Dreamcast Shooters Pack DC-Jeffma,499,31,524.56 MiB (550045906 Bytes),,,,,0,0,2005-02-21T00:45:49Z,Sakura-san,,1,1,74CB42F16AFF71C03FF6FE074D2169921EA9764C,,2012-09-13T21:37:00Z
