Filename,Size,Unit
/00. Colin Hay Band - Wayfaring Sons.m3u,933,B
/00. Colin Hay Band - Wayfaring Sons.nfo,1.56,K
/Colin Hay Band - 01 - Wayfaring Sons.mp3,5.32,M
/Colin Hay Band - 02 - Into My Life.mp3,6.66,M
/Colin Hay Band - 03 - Storm in My Heart.mp3,5.42,M
/Colin Hay Band - 04 - Dream On (In the Night).mp3,7.42,M
/Colin Hay Band - 05 - Not So Lonely.mp3,6.45,M
/Colin Hay Band - 06 - Don't Drink the Water.mp3,5.73,M
/Colin Hay Band - 07 - Help Me.mp3,4.83,M
/Colin Hay Band - 08 - Dreamtime in Glasgow.mp3,5.62,M
/Colin Hay Band - 09 - Back in My Loving Arms.mp3,5.41,M
/Colin Hay Band - 10 - Ya (Rest in Peace).mp3,5.87,M
