User Type,Username,Date,Text
,nitedrive,2006-11-03T00:09Z,"File info?Artist,album,what?"
,perslek,2008-03-25T14:01Z,You get a slow computer :) 
