Filename,Size,Unit
/pro-ashe.nfo,9.7,K
/pro-ashe.r00,14.31,M
/pro-ashe.r01,14.31,M
/pro-ashe.r02,14.31,M
/pro-ashe.r03,14.31,M
/pro-ashe.r04,14.31,M
/pro-ashe.r05,14.31,M
/pro-ashe.r06,14.31,M
/pro-ashe.r07,14.31,M
/pro-ashe.r08,911.12,K
/pro-ashe.rar,14.31,M
/pro-ashe.sfv,230,B
/Torrent downloaded from SPATorrent.CoM.txt,49,B
/www.spatorrent.com.nfo,972,B
/www.spatorrent.com.url,197,B
