Filename,Size,Unit
/The Consultants s02 e01.mp3,12.79,M
/The Consultants s02 e02.mp3,12.87,M
/The Consultants s02 e03.mp3,12.73,M
/The Consultants s02 e04.mp3,12.92,M
/The Consultants s02 e05.mp3,12.68,M
/The Consultants s02 e06.mp3,12.88,M
/The Consultants.txt,851,B
