Filename,Size,Unit
Sexy Employee - Arlette.avi,374.91,M
