Title,Type,Files,Size,IMDB,Spoken Languages,Texted Languages,Tags,Quality (+),Quality (-),Uploaded,By,User Type,Seeders,Leechers,Info Hash,Picture,Capture Date
VIDEO_TS,299,10,4.29 GiB (4611155968 Bytes),,,,,0,0,2007-11-17T20:04:28Z,iufan35,,0,0,24EA2691536529BE61D726F94C1861BF10214EED,,2012-08-27T15:57:01Z
