Title,Type,Files,Size,IMDB,Spoken Languages,Texted Languages,Tags,Quality (+),Quality (-),Uploaded,By,User Type,Seeders,Leechers,Info Hash,Picture,Capture Date
Amazing Squirting Japanese ??,501,1,700.33 MiB (734344348 Bytes),,,,,0,0,2008-01-22T14:36:45Z,aerochen,,2,1,6AE97FB15F364DE665E2746D53455078F000955A,,2012-08-25T06:50:28Z
