Filename,Size,Unit
Hidden Palms S01E04 Swesub HDTV XviD -The Jackass [www.TankaFett.com].avi,350.86,M
