User Type,Username,Date,Text
,guran2,2005-04-16T14:25Z,Haft problem med Uppkoplingen men nu skall det funka
,garegin02,2008-11-25T15:05Z,seeeeeeeeeeeeeeeeeeeeedddddddddddd
,countkurt,2009-05-27T17:10Z,YO! Seed plz.
