User Type,Username,Date,Text
,A_Clockwork_Gnaget,2008-06-29T02:56Z,Seed!!!!!!!!!!!!
,Abomity,2009-12-16T07:43Z,PLEASE SEEEEEEEED! Please man. I want this :P
