Filename,Size,Unit
Mario Kart 64 - MiniDVD PAL.rar,9.18,M
