Filename,Size,Unit
francenews.fr.sky.high.ecole.frantastique.TC.avi,699.08,M
