Title,Type,Files,Size,IMDB,Spoken Languages,Texted Languages,Tags,Quality (+),Quality (-),Uploaded,By,User Type,Seeders,Leechers,Info Hash,Picture,Capture Date
FSX - Eaglesoft Cessna Citation II,401,1,27.01 MiB (28319689 Bytes),,,,,0,0,2007-09-25T11:47:43Z,attunga,,2,0,2C7BAD2E103951E4C0C9C62E8F10159FB6A62CCA,,2012-08-29T02:13:57Z
