Title,Type,Files,Size,IMDB,Spoken Languages,Texted Languages,Tags,Quality (+),Quality (-),Uploaded,By,User Type,Seeders,Leechers,Info Hash,Picture,Capture Date
Scooter-the stadium techno experience by blondu4all,101,15,61.58 MiB (64567609 Bytes),,,,,0,0,2007-05-30T03:48:12Z,blondu4all,,0,0,83DC99E273EA23B11F421174F00ABF11C9C0C39C,,2012-08-31T22:56:04Z
