Filename,Size,Unit
Best Boards Of Canada Mix.zip,86.84,M
