Filename,Size,Unit
Finkvalite_skv3.avi,293.82,M
