Title,Type,Files,Size,IMDB,Spoken Languages,Texted Languages,Tags,Quality (+),Quality (-),Uploaded,By,User Type,Seeders,Leechers,Info Hash,Picture,Capture Date
Sahara Hotnights - Visit To Vienna (Live Allsång På Skansen 2007,203,1,31.34 MiB (32862688 Bytes),,,,,0,0,2007-07-28T00:58:38Z,RosaMannen,[V],0,0,CF92EE66418187F1BB7FE4C77DC7A059BAA5A916,,2012-08-30T22:56:47Z
