User Type,Username,Date,Text
,NurEinTier,2008-01-06T14:21Z,Thank you
,brruce99,2011-05-19T20:02Z,plzz seed! thanks
