User Type,Username,Date,Text
,Ange-l,2007-09-05T14:00Z,LOL. nice uload
,Bunjo,2007-09-05T20:48Z,Tackers! Kishti är ju så jävla sexig!
,ZeNiTH_NL,2007-09-06T14:37Z,"Idol.2007.E01.PROPER.PDTV.XviD.SWEDiSH-LUL

hehe.. ""LUL"" är kuk på hollandska..."
,kocsrozc,2008-10-02T23:41Z,ololololol plz seed
