Filename,Size,Unit
/moby_-_natural_blues.r00,14.31,M
/moby_-_natural_blues.r01,14.31,M
/moby_-_natural_blues.r02,13.35,M
/moby_-_natural_blues.rar,14.31,M
/teamdtv.sfv,447,B
