Filename,Size,Unit
/All Others.doc,46.5,K
/Bach Rock Japan.wav,83.37,M
/Elegy Farewell Beloved.doc,44.5,K
/Elegy Farewell Beloved.wav,185.57,M
/Europe After The Rain.doc,37,K
/Europe After The Rain.wav,160.3,M
/Granada Spanish.doc,550,K
/Granada.doc,51,K
/Granada.wav,210.3,M
/Las Pamapas por la Luz de la Luna.wav,116.23,M
/Moorish Dream.wav,119.61,M
/Rise Above.wav,42.27,M
/Sheltering Sky.wav,129.04,M
/Visions of a Dying Queen.wav,136.61,M
