Title,Type,Files,Size,IMDB,Spoken Languages,Texted Languages,Tags,Quality (+),Quality (-),Uploaded,By,User Type,Seeders,Leechers,Info Hash,Picture,Capture Date
Asian Street Meat- thai double penetration.....FFF,506,1,116.66 MiB (122324036 Bytes),,,,,0,0,2006-03-12T10:49:36Z,FatFuckFrank,[V],4,1,18945435A60CEB20EBA9BEB8CAF8E3C09ABE2AD2,,2012-09-07T10:07:33Z
