Title,Type,Files,Size,IMDB,Spoken Languages,Texted Languages,Tags,Quality (+),Quality (-),Uploaded,By,User Type,Seeders,Leechers,Info Hash,Picture,Capture Date
Las.Vegas.S05E15.HDTV.XviD-LOL,205,28,355.74 MiB (373024044 Bytes),,English,,,1,0,2008-01-26T10:04:39Z,nissssse,,0,1,451E55ACB25481A244553AEE1FB1A72C7A6BC711,http://image.bayimg.com/cakjmaabg.jpg,2012-08-25T04:21:37Z
