Filename,Size,Unit
VA - Fresh Dance Hits (2005) - Dance [www.torrentazos.com].rar,78.61,M
