Title,Type,Files,Size,IMDB,Spoken Languages,Texted Languages,Tags,Quality (+),Quality (-),Uploaded,By,User Type,Seeders,Leechers,Info Hash,Picture,Capture Date
Blonde - rubia girl 24 cums corridas,506,1,11.48 MiB (12041910 Bytes),,English,English,,0,0,2005-11-20T18:13:42Z,kokecola2k2,,0,0,ED45D74890878530316B17CA24B5EF6D03480165,,2012-09-08T08:21:05Z
