Filename,Size,Unit
Private - Life of Claudia Ricci.avi,685.75,M
