Title,Type,Files,Size,IMDB,Spoken Languages,Texted Languages,Tags,Quality (+),Quality (-),Uploaded,By,User Type,Seeders,Leechers,Info Hash,Picture,Capture Date
Club Ibiza,101,2,205.25 MiB (215215429 Bytes),,,,,0,0,2007-05-22T00:11:49Z,scottpfc,,0,0,2C9DBEF3D2DC48C97F962527E8B531D3099F8DA5,,2012-09-01T07:43:54Z
