Filename,Size,Unit
/Attack the Gas Station.avi,597.91,M
/Attack the Gas Station.sub,62.07,K
