Title,Type,Files,Size,IMDB,Spoken Languages,Texted Languages,Tags,Quality (+),Quality (-),Uploaded,By,User Type,Seeders,Leechers,Info Hash,Picture,Capture Date
Faithless - No Roots (2004) - Electronic,101,1,73.17 MiB (76721372 Bytes),,,,,0,0,2004-10-24T21:51:36Z,Torrentazos,,0,0,014949AFD00BC45F6D0ED2C4201B908100563ABD,,2012-09-15T01:52:47Z
