Title,Type,Files,Size,IMDB,Spoken Languages,Texted Languages,Tags,Quality (+),Quality (-),Uploaded,By,User Type,Seeders,Leechers,Info Hash,Picture,Capture Date
Howard TV- 50 Cent Vs Kanye West.avi,205,1,422.78 MiB (443316224 Bytes),,English,English,,0,0,2007-11-27T19:00:12Z,SimonHova,,0,1,BDD1CF01B2226C9325B2945A31DBD8605A69DA16,,2012-08-27T08:48:30Z
