Title,Type,Files,Size,IMDB,Spoken Languages,Texted Languages,Tags,Quality (+),Quality (-),Uploaded,By,User Type,Seeders,Leechers,Info Hash,Picture,Capture Date
MikeMalloy-04-06-2007,199,6,26.33 MiB (27610004 Bytes),,,,,0,0,2007-04-07T06:54:36Z,tolow2ce,,0,0,BEB9160DB157630EDEFB2E94D28E2D2E6681CAC9,,2012-09-02T17:05:26Z
