Title,Type,Files,Size,IMDB,Spoken Languages,Texted Languages,Tags,Quality (+),Quality (-),Uploaded,By,User Type,Seeders,Leechers,Info Hash,Picture,Capture Date
World Series of Poker 2004 - Round 3,205,1,429.25 MiB (450104540 Bytes),,,,,0,0,2004-09-27T11:46:22Z,PPPP,,0,0,42E159932823394A0D00C76B4F84DB8A9F5C8275,,2012-09-15T04:53:24Z
