User Type,Username,Date,Text
,julofucik,2005-06-14T19:08Z,http://www.imdb.com/title/tt0114194/
,seehowyouare,2005-06-14T20:49Z,"The correct IMDB page is 

http://www.imdb.com/title/tt0365658/"
,oasen211,2005-06-15T19:56Z,Finns det n책gon som har engelsk eller svensk subtitle till denna?????
,zoltank,2006-11-28T23:30Z,Please somebody seed. We really need it.
,Vargabroder,2007-01-06T18:37Z,"99,8% seed - please "
,thehun,2007-11-15T18:36Z,"PLEASE SEED

Thankyou"
,1bluelight,2009-01-30T00:08Z,Can Someone Please seed this? I'm stuck at 42.1%
,kudos2jen,2009-10-04T03:02Z,"does anyone have the full torrent?
I'd like it.  pctorrent, please seed.  "
,Giouras77,2010-07-31T14:31Z,Someone please seeeeeeeedddddddddd!!!!!!!!!!
