Filename,Size,Unit
Elvis Costello - Accidents Will Happen.mpg,29.79,M
