Filename,Size,Unit
/01 Lost Highway.mp3,7.14,M
/02 Summertime.mp3,5.69,M
/03 Make A Memory.mp3,6.29,M
/04 Whole Lot Of Leaving.mp3,6.96,M
/05 We Got It Going On.mp3,7.04,M
/06 Any Other Day.mp3,6.49,M
/07 Seat Next To You.mp3,6.2,M
/08 Everybody's Broken.mp3,6.67,M
/09 Stranger (Feat. Leann Rimes).mp3,6.5,M
/10 The Last Night.mp3,6.21,M
/11 One Step Closer.mp3,5.91,M
/12 I Love This Town.mp3,7.82,M
