Filename,Size,Unit
/Max Hardcore Extreme 18.mpg,797.76,M
