Title,Type,Files,Size,IMDB,Spoken Languages,Texted Languages,Tags,Quality (+),Quality (-),Uploaded,By,User Type,Seeders,Leechers,Info Hash,Picture,Capture Date
Cynthia - Soy (2006) - Pop,101,1,85.87 MiB (90036549 Bytes),,,,,0,0,2006-07-24T20:04:26Z,Torrentazos,,0,1,9ED9CBF32732F6A48B6261A6ACA3157046A52DCD,,2012-09-06T04:31:32Z
