Filename,Size,Unit
Kickboxer[1989]DVDRip[FS][Eng]-SK.avi,703.34,M
