Title,Type,Files,Size,IMDB,Spoken Languages,Texted Languages,Tags,Quality (+),Quality (-),Uploaded,By,User Type,Seeders,Leechers,Info Hash,Picture,Capture Date
Moya.Lubov.(Rus).KiNOFACK.&.ShareReactor.ru.avi,501,1,700.42 MiB (734442632 Bytes),,Russian,,,0,0,2007-01-23T23:16:31Z,Creo777,,0,2,162FF4FE22CB9BC55FBD9BE5A749DCDCF878CB8A,,2012-09-04T00:35:33Z
