Filename,Size,Unit
Avatar 3-08 The Puppetmaster.avi,175.55,M
