Title,Type,Files,Size,IMDB,Spoken Languages,Texted Languages,Tags,Quality (+),Quality (-),Uploaded,By,User Type,Seeders,Leechers,Info Hash,Picture,Capture Date
Heja Sverige 2003 SWEDiSH XXX DVDRip XViD-MjAU,501,97,1.3 GiB (1391941226 Bytes),,,,,0,0,2005-05-09T10:32:51Z,Xoxxa,,0,5,8C845B329CD0E73EF41A37A4517370980D604C08,,2012-09-13T00:48:54Z
