Filename,Size,Unit
/Blind Eye.mp3,5.04,M
/Covers/back.jpg,11.32,M
/Covers/front.jpg,10.84,M
/Errors of My Ways.mp3,9.43,M
/Handy.mp3,15.69,M
/Lady Whisky.mp3,8.4,M
/Phoenix.mp3,14.16,M
/Queen of Torture.mp3,4.57,M
/Track list.txt,348,B
