Filename,Size,Unit
Mr Chew's Asian Beaver - Lana Croft.wmv,104.89,M
