Title,Type,Files,Size,IMDB,Spoken Languages,Texted Languages,Tags,Quality (+),Quality (-),Uploaded,By,User Type,Seeders,Leechers,Info Hash,Picture,Capture Date
"Jeff Rense Radio Show Sept 7 2006 (Sauder, Szymanski)",199,2,14.25 MiB (14938056 Bytes),,,,,0,0,2006-09-11T14:39:21Z,oneder1,,0,0,8949F73E7AFFB436DDD10F974DDEC21E56911DD5,,2012-09-05T20:59:03Z
