User Type,Username,Date,Text
,Christoffer.B,2007-02-17T23:00Z,SEED PLZ
,Christoffer.B,2007-02-17T23:01Z,SEED PLZ i really whant this..
