Title,Type,Files,Size,IMDB,Spoken Languages,Texted Languages,Tags,Quality (+),Quality (-),Uploaded,By,User Type,Seeders,Leechers,Info Hash,Picture,Capture Date
"Girls and women wearing stockings, nylons and pantyhose, brides ",603,4,2.86 GiB (3068974113 Bytes),,,,,0,0,2007-08-21T10:50:58Z,Toekan69,,0,4,AE83CD54AB5C9912C510613A0ABC128CE3582D8D,,2012-08-29T22:50:07Z
