Filename,Size,Unit
/Sample/sample-yippee.ki-yay.mf.s01e05.proper.xvid-ts.avi,9.11,M
/yippee.ki-yay.mf.s01e05.proper.pdtv.xvid-ts.nfo,6.62,K
/yippee.ki-yay.mf.s01e05.proper.xvid-ts.r00,14.31,M
/yippee.ki-yay.mf.s01e05.proper.xvid-ts.r01,14.31,M
/yippee.ki-yay.mf.s01e05.proper.xvid-ts.r02,14.31,M
/yippee.ki-yay.mf.s01e05.proper.xvid-ts.r03,14.31,M
/yippee.ki-yay.mf.s01e05.proper.xvid-ts.r04,14.31,M
/yippee.ki-yay.mf.s01e05.proper.xvid-ts.r05,14.31,M
/yippee.ki-yay.mf.s01e05.proper.xvid-ts.r06,14.31,M
/yippee.ki-yay.mf.s01e05.proper.xvid-ts.r07,14.31,M
/yippee.ki-yay.mf.s01e05.proper.xvid-ts.r08,14.31,M
/yippee.ki-yay.mf.s01e05.proper.xvid-ts.r09,14.31,M
/yippee.ki-yay.mf.s01e05.proper.xvid-ts.r10,14.31,M
/yippee.ki-yay.mf.s01e05.proper.xvid-ts.r11,14.31,M
/yippee.ki-yay.mf.s01e05.proper.xvid-ts.r12,14.31,M
/yippee.ki-yay.mf.s01e05.proper.xvid-ts.r13,14.31,M
/yippee.ki-yay.mf.s01e05.proper.xvid-ts.r14,14.31,M
/yippee.ki-yay.mf.s01e05.proper.xvid-ts.r15,14.31,M
/yippee.ki-yay.mf.s01e05.proper.xvid-ts.r16,14.31,M
/yippee.ki-yay.mf.s01e05.proper.xvid-ts.r17,14.31,M
/yippee.ki-yay.mf.s01e05.proper.xvid-ts.r18,14.31,M
/yippee.ki-yay.mf.s01e05.proper.xvid-ts.r19,14.31,M
/yippee.ki-yay.mf.s01e05.proper.xvid-ts.r20,14.31,M
/yippee.ki-yay.mf.s01e05.proper.xvid-ts.r21,14.31,M
/yippee.ki-yay.mf.s01e05.proper.xvid-ts.r22,14.31,M
/yippee.ki-yay.mf.s01e05.proper.xvid-ts.r23,8.34,M
/yippee.ki-yay.mf.s01e05.proper.xvid-ts.rar,14.31,M
/yippee.ki-yay.mf.s01e05.proper.xvid-ts.sfv,1.27,K
