User Type,Username,Date,Text
,mikemn,2008-01-20T16:12Z,works good ty
,arkguy72830,2008-01-24T15:56Z,"I got a TY, now thats what I'm talking about"
,charliemac82,2008-07-09T01:00Z,"seriel works great, thanks bud."
,Mr_Santito,2010-03-15T08:08Z,Works great! Thanx
,firebirdude,2010-09-11T04:39Z,Torrent with key works great..... game sucks ass. Keeps your interest for about 15 minutes.
,tippeetom,2011-08-08T17:37Z,re seed plz
,SWISS-dimes-CHEESE,2012-08-15T11:30Z,does it work on mac
