Title,Type,Files,Size,IMDB,Spoken Languages,Texted Languages,Tags,Quality (+),Quality (-),Uploaded,By,User Type,Seeders,Leechers,Info Hash,Picture,Capture Date
Borta-Demo Reseed,101,5,28.43 MiB (29814366 Bytes),,,,,0,0,2006-12-21T23:43:46Z,knickedick,,0,0,AD78B19D70AE809A92EE9A82F0B28CCD68DA0D24,,2012-09-04T14:57:21Z
