Filename,Size,Unit
"/[Kung_Fu]_Li Lian Jie's Shaolin Kung Fu aka Shaoling Kung Fu (Jet Li, 1994) - Rmvb.rmvb",467.72,M
"/Downloads, James Kees@Demonoid.html",206,B
"/Downloads, James Kees@TPB.html",193,B
"/Downloads, John Smith@TPB.html",196,B
/Read Me First.txt,7.16,K
/Torrent_downloaded_from_Demonoid.com.txt,47,B
