User Type,Username,Date,Text
,rastabengen,2006-09-07T16:22Z,the download doesnt start
