Filename,Size,Unit
/Liquid.Lounge.200X.DVDRiP.DivX-TwAaA.avi,691.54,M
/theNightLab.LiquidLounge.jpg,122.18,K
/twaaa-ll.nfo,1.94,K
