User Type,Username,Date,Text
,BBu,2006-10-13T11:43Z,Doesn't work either...
,BBu,2006-10-13T12:52Z,"Nevermind, does work!"
,Mister-X,2006-10-15T00:47Z,so this is a working file? and not like that other crap?
,matte_hipin,2007-03-18T18:33Z,it doesnt work for me..
,BimBom,2007-09-18T21:09Z,"Yes or no? :P

Better take a look myself :/"
,mad737,2011-01-05T00:33Z,SURE AINT WORKING FOR ME I GOT A BUNCH OF USELESS FILES AND A MINUTE LONG SAMPLE VIDEO WHERE THE HELL IS THE EPISODE!?!
,mad737,2011-01-05T00:35Z,WASTING UR TIME ON THIS ONE ONLY A MINUTE LONG SAMPLE VID! NO EPISODE JUST A BUNCH OF USELESS FILES!
