Filename,Size,Unit
Jimenem - Stanly.mp3,4.53,M
