Filename,Size,Unit
/7 Sins [English][www.pctorrent.com].bin,787.8,M
/7 Sins [English][www.pctorrent.com].cue,101,B
/NEW PUBLIC TRACKER !!!.url,143,B
/PCToRRenT - DivX  Juegos PC Mp3 Software  Y Mas !!  Tu WeB de BiTToRRenT.url,142,B
/TU GRAN OPORTUNIDAD !!!!.url,153,B
