Filename,Size,Unit
Paul Van Dyk - Perfect Remixes Vol.2 (2005) - Trance [www.torrentazos.com].rar,100.82,M
