Title,Type,Files,Size,IMDB,Spoken Languages,Texted Languages,Tags,Quality (+),Quality (-),Uploaded,By,User Type,Seeders,Leechers,Info Hash,Picture,Capture Date
Mafia.Girl.(Dorcel).HDTV.FR.XXXViD-CANALiX,501,100,1.31 GiB (1402671321 Bytes),,French,,,0,1,2007-10-26T20:30:18Z,pornoutrixxx,,1,4,BAY.SE/3860083/MAFIA.GIRL.(DORCEL).HDTV.,,2012-08-28T08:45:08Z
