Filename,Size,Unit
WildBoyz.S04E02.DSR.XviD-LOKi.avi,175.04,M
