Filename,Size,Unit
pocahontas.avi,702.27,M
