Filename,Size,Unit
Drive [1x05] The Extra Mile.m4v,470.53,M
