User Type,Username,Date,Text
,Wiiga,2006-02-13T08:58Z,"""04-uniting_nations-listen_to_your_heart_2006_-_www.torrentazos.com.mp3"" That song isn't complete. Or is just for me?
Can listen about 6sec of it then winamp switches to next song. Other than that great album THX!!! =)"
