Title,Type,Files,Size,IMDB,Spoken Languages,Texted Languages,Tags,Quality (+),Quality (-),Uploaded,By,User Type,Seeders,Leechers,Info Hash,Picture,Capture Date
asdads,199,1,27.66 MiB (29000204 Bytes),,,,,0,0,2005-07-30T22:09:59Z,Faqa,,0,0,5D66B76C665F659161F11AB3B9C305B0FB6204C2,,2012-09-11T03:01:29Z
