Filename,Size,Unit
Norton Internet Security Suite.rar,51,M
