Title,Type,Files,Size,IMDB,Spoken Languages,Texted Languages,Tags,Quality (+),Quality (-),Uploaded,By,User Type,Seeders,Leechers,Info Hash,Picture,Capture Date
Andy & Lucas - Que no? Anda que no! -,103,1,52.4 MiB (54940155 Bytes),,,,,0,0,2005-12-22T15:21:22Z,aZtrem,,1,2,54ACC4B42CD88DA2BF557E6DAEF493C3D1F98E7C,,2012-09-08T02:02:50Z
