User Type,Username,Date,Text
,jarina37,2006-04-11T18:49Z,"Keygen does not work
there is no password"
,vinylsteve,2008-01-16T11:22Z,"Keygen not working
Very dissappointing"
