Title,Type,Files,Size,IMDB,Spoken Languages,Texted Languages,Tags,Quality (+),Quality (-),Uploaded,By,User Type,Seeders,Leechers,Info Hash,Picture,Capture Date
Seasons Of The Wolf Discography,101,45,452.62 MiB (474611231 Bytes),,,,,0,0,2007-12-18T07:17:58Z,UrlikSkarsol,,3,0,2F9ED17FA2DFA889E4DD88C28B983513CB3005B6,,2012-08-26T06:30:44Z
