Filename,Size,Unit
/CD1/dev-br2a.r00,14.31,M
/CD1/dev-br2a.r01,14.31,M
/CD1/dev-br2a.r02,14.31,M
/CD1/dev-br2a.r03,14.31,M
/CD1/dev-br2a.r04,14.31,M
/CD1/dev-br2a.r05,14.31,M
/CD1/dev-br2a.r06,14.31,M
/CD1/dev-br2a.r07,14.31,M
/CD1/dev-br2a.r08,14.31,M
/CD1/dev-br2a.r09,14.31,M
/CD1/dev-br2a.r10,14.31,M
/CD1/dev-br2a.r11,14.31,M
/CD1/dev-br2a.r12,14.31,M
/CD1/dev-br2a.r13,14.31,M
/CD1/dev-br2a.r14,14.31,M
/CD1/dev-br2a.r15,14.31,M
/CD1/dev-br2a.r16,14.31,M
/CD1/dev-br2a.r17,14.31,M
/CD1/dev-br2a.r18,14.31,M
/CD1/dev-br2a.r19,14.31,M
/CD1/dev-br2a.r20,14.31,M
/CD1/dev-br2a.r21,14.31,M
/CD1/dev-br2a.r22,14.31,M
/CD1/dev-br2a.r23,14.31,M
/CD1/dev-br2a.r24,14.31,M
/CD1/dev-br2a.r25,14.31,M
/CD1/dev-br2a.r26,14.31,M
/CD1/dev-br2a.r27,14.31,M
/CD1/dev-br2a.r28,14.31,M
/CD1/dev-br2a.r29,14.31,M
/CD1/dev-br2a.r30,14.31,M
/CD1/dev-br2a.r31,14.31,M
/CD1/dev-br2a.r32,14.31,M
/CD1/dev-br2a.r33,14.31,M
/CD1/dev-br2a.r34,14.31,M
/CD1/dev-br2a.r35,14.31,M
/CD1/dev-br2a.r36,14.31,M
/CD1/dev-br2a.r37,14.31,M
/CD1/dev-br2a.r38,14.31,M
/CD1/dev-br2a.r39,14.31,M
/CD1/dev-br2a.r40,14.31,M
/CD1/dev-br2a.r41,14.31,M
/CD1/dev-br2a.r42,14.31,M
/CD1/dev-br2a.r43,14.31,M
/CD1/dev-br2a.r44,14.31,M
/CD1/dev-br2a.r45,14.31,M
/CD1/dev-br2a.r46,14.31,M
/CD1/dev-br2a.r47,14.31,M
/CD1/dev-br2a.r48,14.31,M
/CD1/dev-br2a.r49,14.31,M
/CD1/dev-br2a.r50,14.31,M
/CD1/dev-br2a.r51,2.66,M
/CD1/dev-br2a.rar,14.31,M
/CD1/dev-br2a.sfv,1.19,K
/CD2/dev-br2b.r00,14.31,M
/CD2/dev-br2b.r01,14.31,M
/CD2/dev-br2b.r02,14.31,M
/CD2/dev-br2b.r03,14.31,M
/CD2/dev-br2b.r04,14.31,M
/CD2/dev-br2b.r05,14.31,M
/CD2/dev-br2b.r06,14.31,M
/CD2/dev-br2b.r07,14.31,M
/CD2/dev-br2b.r08,14.31,M
/CD2/dev-br2b.r09,14.31,M
/CD2/dev-br2b.r10,14.31,M
/CD2/dev-br2b.r11,14.31,M
/CD2/dev-br2b.r12,14.31,M
/CD2/dev-br2b.r13,14.31,M
/CD2/dev-br2b.r14,14.31,M
/CD2/dev-br2b.r15,14.31,M
/CD2/dev-br2b.r16,14.31,M
/CD2/dev-br2b.r17,14.31,M
/CD2/dev-br2b.r18,14.31,M
/CD2/dev-br2b.r19,14.31,M
/CD2/dev-br2b.r20,14.31,M
/CD2/dev-br2b.r21,14.31,M
/CD2/dev-br2b.r22,14.31,M
/CD2/dev-br2b.r23,14.31,M
/CD2/dev-br2b.r24,14.31,M
/CD2/dev-br2b.r25,14.31,M
/CD2/dev-br2b.r26,14.31,M
/CD2/dev-br2b.r27,14.31,M
/CD2/dev-br2b.r28,14.31,M
/CD2/dev-br2b.r29,14.31,M
/CD2/dev-br2b.r30,14.31,M
/CD2/dev-br2b.r31,14.31,M
/CD2/dev-br2b.r32,14.31,M
/CD2/dev-br2b.r33,14.31,M
/CD2/dev-br2b.r34,14.31,M
/CD2/dev-br2b.r35,14.31,M
/CD2/dev-br2b.r36,14.31,M
/CD2/dev-br2b.r37,14.31,M
/CD2/dev-br2b.r38,14.31,M
/CD2/dev-br2b.r39,14.31,M
/CD2/dev-br2b.r40,14.31,M
/CD2/dev-br2b.r41,14.31,M
/CD2/dev-br2b.r42,14.31,M
/CD2/dev-br2b.r43,14.31,M
/CD2/dev-br2b.r44,14.31,M
/CD2/dev-br2b.r45,14.31,M
/CD2/dev-br2b.r46,14.31,M
/CD2/dev-br2b.r47,14.31,M
/CD2/dev-br2b.r48,14.31,M
/CD2/dev-br2b.r49,14.31,M
/CD2/dev-br2b.r50,14.31,M
/CD2/dev-br2b.r51,3.57,M
/CD2/dev-br2b.rar,14.31,M
/CD2/dev-br2b.sfv,1.19,K
/CD3/dev-br2c.r00,14.31,M
/CD3/dev-br2c.r01,14.31,M
/CD3/dev-br2c.r02,14.31,M
/CD3/dev-br2c.r03,14.31,M
/CD3/dev-br2c.r04,14.31,M
/CD3/dev-br2c.r05,14.31,M
/CD3/dev-br2c.r06,14.31,M
/CD3/dev-br2c.r07,14.31,M
/CD3/dev-br2c.r08,14.31,M
/CD3/dev-br2c.r09,14.31,M
/CD3/dev-br2c.r10,14.31,M
/CD3/dev-br2c.r11,14.31,M
/CD3/dev-br2c.r12,14.31,M
/CD3/dev-br2c.r13,14.31,M
/CD3/dev-br2c.r14,14.31,M
/CD3/dev-br2c.r15,14.31,M
/CD3/dev-br2c.r16,14.31,M
/CD3/dev-br2c.r17,14.31,M
/CD3/dev-br2c.r18,14.31,M
/CD3/dev-br2c.r19,14.31,M
/CD3/dev-br2c.r20,14.31,M
/CD3/dev-br2c.r21,14.31,M
/CD3/dev-br2c.r22,14.31,M
/CD3/dev-br2c.r23,14.31,M
/CD3/dev-br2c.r24,14.31,M
/CD3/dev-br2c.r25,14.31,M
/CD3/dev-br2c.r26,14.31,M
/CD3/dev-br2c.r27,14.31,M
/CD3/dev-br2c.r28,14.31,M
/CD3/dev-br2c.r29,14.31,M
/CD3/dev-br2c.r30,14.31,M
/CD3/dev-br2c.r31,14.31,M
/CD3/dev-br2c.r32,14.31,M
/CD3/dev-br2c.r33,14.31,M
/CD3/dev-br2c.r34,14.31,M
/CD3/dev-br2c.r35,14.31,M
/CD3/dev-br2c.r36,14.31,M
/CD3/dev-br2c.r37,14.31,M
/CD3/dev-br2c.r38,14.31,M
/CD3/dev-br2c.r39,14.31,M
/CD3/dev-br2c.r40,14.31,M
/CD3/dev-br2c.r41,14.31,M
/CD3/dev-br2c.r42,14.31,M
/CD3/dev-br2c.r43,14.31,M
/CD3/dev-br2c.r44,14.31,M
/CD3/dev-br2c.r45,14.31,M
/CD3/dev-br2c.r46,14.31,M
/CD3/dev-br2c.r47,14.31,M
/CD3/dev-br2c.r48,14.31,M
/CD3/dev-br2c.r49,14.31,M
/CD3/dev-br2c.r50,14.31,M
/CD3/dev-br2c.r51,7.94,M
/CD3/dev-br2c.rar,14.31,M
/CD3/dev-br2c.sfv,1.19,K
/CD4/dev-br2d.r00,14.31,M
/CD4/dev-br2d.r01,14.31,M
/CD4/dev-br2d.r02,14.31,M
/CD4/dev-br2d.r03,14.31,M
/CD4/dev-br2d.r04,14.31,M
/CD4/dev-br2d.r05,14.31,M
/CD4/dev-br2d.r06,14.31,M
/CD4/dev-br2d.r07,14.31,M
/CD4/dev-br2d.r08,14.31,M
/CD4/dev-br2d.r09,14.31,M
/CD4/dev-br2d.r10,14.31,M
/CD4/dev-br2d.r11,14.31,M
/CD4/dev-br2d.r12,14.31,M
/CD4/dev-br2d.r13,14.31,M
/CD4/dev-br2d.r14,14.31,M
/CD4/dev-br2d.r15,14.31,M
/CD4/dev-br2d.r16,14.31,M
/CD4/dev-br2d.r17,14.31,M
/CD4/dev-br2d.r18,8.69,M
/CD4/dev-br2d.rar,14.31,M
/CD4/dev-br2d.sfv,460,B
/ayuda.html,858,B
/deviance.nfo,4.31,K
