Filename,Size,Unit
Mckay Brothers - Cold Beer And Hot Tamales (2006) - Country [www.torrentazos.com].rar,55.54,M
