Filename,Size,Unit
/Runaway_Bride-English.jpg,215.88,K
/Runaway_Bride_French.jpg,387.94,K
/Runaway_Bride_German.jpg,170.51,K
/Runaway_Bride_Spanish.jpg,187.98,K
/Torrent downloaded from BTParadise.com.txt,49,B
/Torrent downloaded from Demonoid.com.txt,47,B
/Torrent downloaded from DvdQuorum.es.txt,47,B
/Torrent downloaded from Smartorrent.com.txt,50,B
/Torrent downloaded from ThePirateBay.org.txt,47,B
/Torrent downloaded from Zerotracker.com.txt,47,B
/Video_ts/VIDEO_TS.BUP,24,K
/Video_ts/VIDEO_TS.IFO,24,K
/Video_ts/VIDEO_TS.VOB,174,K
/Video_ts/VTS_01_0.BUP,126,K
/Video_ts/VTS_01_0.IFO,126,K
/Video_ts/VTS_01_0.VOB,12.36,M
/Video_ts/VTS_01_1.VOB,1023.83,M
/Video_ts/VTS_01_2.VOB,1023.83,M
/Video_ts/VTS_01_3.VOB,1023.83,M
/Video_ts/VTS_01_4.VOB,1023.83,M
/Video_ts/VTS_01_5.VOB,1023.83,M
/Video_ts/VTS_01_6.VOB,1023.83,M
/Video_ts/VTS_01_7.VOB,543.37,M
/Video_ts/VTS_02_0.BUP,18,K
/Video_ts/VTS_02_0.IFO,18,K
/Video_ts/VTS_02_0.VOB,174,K
/Video_ts/VTS_02_1.VOB,8.84,M
/Video_ts/VTS_03_0.BUP,18,K
/Video_ts/VTS_03_0.IFO,18,K
/Video_ts/VTS_03_0.VOB,174,K
/Video_ts/VTS_03_1.VOB,552,K
/Video_ts/VTS_04_0.BUP,18,K
/Video_ts/VTS_04_0.IFO,18,K
/Video_ts/VTS_04_0.VOB,174,K
/Video_ts/VTS_04_1.VOB,514,K
/Video_ts/VTS_05_0.BUP,18,K
/Video_ts/VTS_05_0.IFO,18,K
/Video_ts/VTS_05_0.VOB,174,K
/Video_ts/VTS_05_1.VOB,490,K
/Video_ts/VTS_06_0.BUP,18,K
/Video_ts/VTS_06_0.IFO,18,K
/Video_ts/VTS_06_0.VOB,174,K
/Video_ts/VTS_06_1.VOB,632,K
/Video_ts/VTS_07_0.BUP,18,K
/Video_ts/VTS_07_0.IFO,18,K
/Video_ts/VTS_07_0.VOB,174,K
/Video_ts/VTS_07_1.VOB,710,K
/Video_ts/VTS_08_0.BUP,18,K
/Video_ts/VTS_08_0.IFO,18,K
/Video_ts/VTS_08_0.VOB,174,K
/Video_ts/VTS_08_1.VOB,596,K
/Video_ts/VTS_09_0.BUP,18,K
/Video_ts/VTS_09_0.IFO,18,K
/Video_ts/VTS_09_0.VOB,174,K
/Video_ts/VTS_09_1.VOB,2.96,M
/Video_ts/VTS_10_0.BUP,18,K
/Video_ts/VTS_10_0.IFO,18,K
/Video_ts/VTS_10_0.VOB,174,K
/Video_ts/VTS_10_1.VOB,3.23,M
/Video_ts/VTS_11_0.BUP,18,K
/Video_ts/VTS_11_0.IFO,18,K
/Video_ts/VTS_11_0.VOB,174,K
/Video_ts/VTS_11_1.VOB,1.15,M
