Filename,Size,Unit
Discovery.Science.First.Alien.Encounter.PDTV.XviD-hV.avi,349.47,M
