Filename,Size,Unit
JustPlanes - MalmoAviation.avi,698.69,M
