Title,Type,Files,Size,IMDB,Spoken Languages,Texted Languages,Tags,Quality (+),Quality (-),Uploaded,By,User Type,Seeders,Leechers,Info Hash,Picture,Capture Date
"XnView  1.91.5 (Easy to use graphics viewer, converter) - Legal-",301,3,4.87 MiB (5107559 Bytes),,,,,0,0,2007-12-19T01:40:44Z,LegalTorrents,[T],0,0,E3B1C8933500957D2883539569D4DEFB00C998BA,,2012-08-26T05:55:10Z
