Title,Type,Files,Size,IMDB,Spoken Languages,Texted Languages,Tags,Quality (+),Quality (-),Uploaded,By,User Type,Seeders,Leechers,Info Hash,Picture,Capture Date
Beenie_Man-Reverse_Di_Thing-PROPER-DVDRip-x264-2007,203,3,67.59 MiB (70872125 Bytes),,,,,0,0,2008-01-09T01:31:20Z,werty11,[T],0,0,BAY.SE/3968034/BEENIE_MAN-REVERSE_DI_THI,,2012-08-25T16:05:07Z
