Filename,Size,Unit
"Advantage,The-2004-(self-titled).rar",56.11,M
