Title,Type,Files,Size,IMDB,Spoken Languages,Texted Languages,Tags,Quality (+),Quality (-),Uploaded,By,User Type,Seeders,Leechers,Info Hash,Picture,Capture Date
UK Decay - For Madmen Only,101,21,36.63 MiB (38411036 Bytes),,,,,0,0,2007-08-16T02:09:54Z,steve_jok3r,,1,0,BB1AFF8673FDBE44DFA15660680C52E9462BE2D4,,2012-08-30T01:08:14Z
