User Type,Username,Date,Text
,Meshounah,2008-01-20T19:41Z,please seed once you are done thx.
,jayd6974,2008-02-15T17:07Z,great torrent!
