Filename,Size,Unit
Prison.Break.2x12.CVCD.HDTV.[www.TodoCVCD.com].mpg,382.8,M
