Title,Type,Files,Size,IMDB,Spoken Languages,Texted Languages,Tags,Quality (+),Quality (-),Uploaded,By,User Type,Seeders,Leechers,Info Hash,Picture,Capture Date
Just Flight - CARGO PILOT (download version!!),401,1,74.63 MiB (78257951 Bytes),,,,,0,0,2007-06-30T13:00:36Z,alex06ze,,1,0,DB3BE3256726E84975C95F5D052D2D919A46AC8D,,2012-08-31T10:35:35Z
