Filename,Size,Unit
Tignes2006.mp4,18.23,M
