Title,Type,Files,Size,IMDB,Spoken Languages,Texted Languages,Tags,Quality (+),Quality (-),Uploaded,By,User Type,Seeders,Leechers,Info Hash,Picture,Capture Date
45.2006.DVDRip.XViD-ESPiSE,201,51,699.91 MiB (733913817 Bytes),,,,,0,0,2007-04-09T21:22:58Z,masseur,,0,1,1331B769A48229ACD5CA5745E636BC9B8B0EDF79,,2012-09-02T15:58:20Z
