Filename,Size,Unit
/aaw2007.exe,17.32,M
/CRACK MKDEV.TEAM/Ad-Aware2007.exe,4.26,M
/CRACK MKDEV.TEAM/Ad-Watch2007.exe,4.32,M
/CRACK MKDEV.TEAM/HostFileEditor.exe,3.46,M
/CRACK MKDEV.TEAM/ProcessWatch.exe,3.54,M
/Golan was here.nfo,180,B
