Title,Type,Files,Size,IMDB,Spoken Languages,Texted Languages,Tags,Quality (+),Quality (-),Uploaded,By,User Type,Seeders,Leechers,Info Hash,Picture,Capture Date
Warcraft 3 1.21a no-cd cracks and online play,401,4,7.97 MiB (8353355 Bytes),,,,,2,1,2007-06-14T19:29:38Z,freelancerx,,3,1,BAY.SE/3714028/WARCRAFT_3_1.21A_NO-CD_CR,,2012-08-31T17:05:12Z
