Filename,Size,Unit
DNTU6621IKEMB.rar,23.71,M
