Title,Type,Files,Size,IMDB,Spoken Languages,Texted Languages,Tags,Quality (+),Quality (-),Uploaded,By,User Type,Seeders,Leechers,Info Hash,Picture,Capture Date
Surf upp[CAM].avi,201,1,696.95 MiB (730800128 Bytes),,English,,,0,0,2007-06-18T19:15:32Z,cs_putte90,,0,0,682C2A7311FC7723E9F2BCEEC137857E5392A0A8,,2012-08-31T15:34:31Z
