Filename,Size,Unit
Cassie-Me.and.you.FRTV.adek.avi,42.77,M
