Filename,Size,Unit
/DVD1/VIDEO_TS/VIDEO_TS.BUP,8,K
/DVD1/VIDEO_TS/VIDEO_TS.IFO,8,K
/DVD1/VIDEO_TS/VTS_01_0.BUP,90,K
/DVD1/VIDEO_TS/VTS_01_0.IFO,90,K
/DVD1/VIDEO_TS/VTS_01_0.VOB,38.33,M
/DVD1/VIDEO_TS/VTS_01_1.VOB,1023.83,M
/DVD1/VIDEO_TS/VTS_01_2.VOB,1023.83,M
/DVD1/VIDEO_TS/VTS_01_3.VOB,965.48,M
/DVD2/VIDEO_TS/VIDEO_TS.BUP,8,K
/DVD2/VIDEO_TS/VIDEO_TS.IFO,8,K
/DVD2/VIDEO_TS/VTS_01_0.BUP,82,K
/DVD2/VIDEO_TS/VTS_01_0.IFO,82,K
/DVD2/VIDEO_TS/VTS_01_0.VOB,28.75,M
/DVD2/VIDEO_TS/VTS_01_1.VOB,1023.83,M
/DVD2/VIDEO_TS/VTS_01_2.VOB,1023.83,M
/DVD2/VIDEO_TS/VTS_01_3.VOB,1006.5,M
/Torrent_downloaded_from_Demonoid.com.txt,47,B
