Filename,Size,Unit
The Knife - You Take My Breath Away.mpg,44.4,M
