Filename,Size,Unit
American Me(1992)_unclebuck59{nerodigital}.mp4,678.9,M
