Title,Type,Files,Size,IMDB,Spoken Languages,Texted Languages,Tags,Quality (+),Quality (-),Uploaded,By,User Type,Seeders,Leechers,Info Hash,Picture,Capture Date
Westlife Back Home [2007][CD+SkidVid_XviD+Cov],101,18,95.28 MiB (99912404 Bytes),,,,,0,1,2007-12-20T16:59:35Z,marketman1,,0,0,9F0914004A397CE3515816FDF0B53B2E11F6A4D6,,2012-08-26T04:53:30Z
