Title,Type,Files,Size,IMDB,Spoken Languages,Texted Languages,Tags,Quality (+),Quality (-),Uploaded,By,User Type,Seeders,Leechers,Info Hash,Picture,Capture Date
Sports illustrated Bikini Babes 08 - Maglor1212,603,14,2.27 MiB (2375208 Bytes),,,,,0,0,2007-12-07T18:17:48Z,maglor1212,[T],1,0,0ECF696C0C02E665BD852E0E045EC0810E86C1D6,,2012-08-27T00:18:53Z
