Filename,Size,Unit
/CD1/RunawayCD1.part01.rar,14,M
/CD1/RunawayCD1.part02.rar,14,M
/CD1/RunawayCD1.part03.rar,14,M
/CD1/RunawayCD1.part04.rar,14,M
/CD1/RunawayCD1.part05.rar,14,M
/CD1/RunawayCD1.part06.rar,14,M
/CD1/RunawayCD1.part07.rar,14,M
/CD1/RunawayCD1.part08.rar,14,M
/CD1/RunawayCD1.part09.rar,14,M
/CD1/RunawayCD1.part10.rar,14,M
/CD1/RunawayCD1.part11.rar,14,M
/CD1/RunawayCD1.part12.rar,14,M
/CD1/RunawayCD1.part13.rar,14,M
/CD1/RunawayCD1.part14.rar,14,M
/CD1/RunawayCD1.part15.rar,14,M
/CD1/RunawayCD1.part16.rar,14,M
/CD1/RunawayCD1.part17.rar,14,M
/CD1/RunawayCD1.part18.rar,14,M
/CD1/RunawayCD1.part19.rar,14,M
/CD1/RunawayCD1.part20.rar,14,M
/CD1/RunawayCD1.part21.rar,14,M
/CD1/RunawayCD1.part22.rar,14,M
/CD1/RunawayCD1.part23.rar,14,M
/CD1/RunawayCD1.part24.rar,14,M
/CD1/RunawayCD1.part25.rar,14,M
/CD1/RunawayCD1.part26.rar,14,M
/CD1/RunawayCD1.part27.rar,14,M
/CD1/RunawayCD1.part28.rar,14,M
/CD1/RunawayCD1.part29.rar,14,M
/CD1/RunawayCD1.part30.rar,14,M
/CD1/RunawayCD1.part31.rar,14,M
/CD1/RunawayCD1.part32.rar,14,M
/CD1/RunawayCD1.part33.rar,14,M
/CD1/RunawayCD1.part34.rar,4.98,M
/CD2/RunawayCD2.part01.rar,14,M
/CD2/RunawayCD2.part02.rar,14,M
/CD2/RunawayCD2.part03.rar,14,M
/CD2/RunawayCD2.part04.rar,14,M
/CD2/RunawayCD2.part05.rar,14,M
/CD2/RunawayCD2.part06.rar,14,M
/CD2/RunawayCD2.part07.rar,14,M
/CD2/RunawayCD2.part08.rar,14,M
/CD2/RunawayCD2.part09.rar,14,M
/CD2/RunawayCD2.part10.rar,14,M
/CD2/RunawayCD2.part11.rar,14,M
/CD2/RunawayCD2.part12.rar,14,M
/CD2/RunawayCD2.part13.rar,14,M
/CD2/RunawayCD2.part14.rar,14,M
/CD2/RunawayCD2.part15.rar,14,M
/CD2/RunawayCD2.part16.rar,14,M
/CD2/RunawayCD2.part17.rar,14,M
/CD2/RunawayCD2.part18.rar,14,M
/CD2/RunawayCD2.part19.rar,14,M
/CD2/RunawayCD2.part20.rar,14,M
/CD2/RunawayCD2.part21.rar,14,M
/CD2/RunawayCD2.part22.rar,14,M
/CD2/RunawayCD2.part23.rar,14,M
/CD2/RunawayCD2.part24.rar,14,M
/CD2/RunawayCD2.part25.rar,14,M
/CD2/RunawayCD2.part26.rar,14,M
/CD2/RunawayCD2.part27.rar,14,M
/CD2/RunawayCD2.part28.rar,14,M
/CD2/RunawayCD2.part29.rar,14,M
/CD2/RunawayCD2.part30.rar,6.27,M
/CD3/RunawayCD3.part01.rar,14,M
/CD3/RunawayCD3.part02.rar,14,M
/CD3/RunawayCD3.part03.rar,14,M
/CD3/RunawayCD3.part04.rar,14,M
/CD3/RunawayCD3.part05.rar,14,M
/CD3/RunawayCD3.part06.rar,14,M
/CD3/RunawayCD3.part07.rar,14,M
/CD3/RunawayCD3.part08.rar,14,M
/CD3/RunawayCD3.part09.rar,14,M
/CD3/RunawayCD3.part10.rar,14,M
/CD3/RunawayCD3.part11.rar,14,M
/CD3/RunawayCD3.part12.rar,14,M
/CD3/RunawayCD3.part13.rar,14,M
/CD3/RunawayCD3.part14.rar,14,M
/CD3/RunawayCD3.part15.rar,14,M
/CD3/RunawayCD3.part16.rar,14,M
/CD3/RunawayCD3.part17.rar,14,M
/CD3/RunawayCD3.part18.rar,14,M
/CD3/RunawayCD3.part19.rar,14,M
/CD3/RunawayCD3.part20.rar,14,M
/CD3/RunawayCD3.part21.rar,14,M
/CD3/RunawayCD3.part22.rar,14,M
/CD3/RunawayCD3.part23.rar,14,M
/CD3/RunawayCD3.part24.rar,14,M
/CD3/RunawayCD3.part25.rar,14,M
/CD3/RunawayCD3.part26.rar,14,M
/CD3/RunawayCD3.part27.rar,14,M
/CD3/RunawayCD3.part28.rar,14,M
/CD3/RunawayCD3.part29.rar,14,M
/CD3/RunawayCD3.part30.rar,14,M
/CD3/RunawayCD3.part31.rar,14,M
/CD3/RunawayCD3.part32.rar,3.21,M
