Title,Type,Files,Size,IMDB,Spoken Languages,Texted Languages,Tags,Quality (+),Quality (-),Uploaded,By,User Type,Seeders,Leechers,Info Hash,Picture,Capture Date
Organism 12 & DJ Large -  VersionerVol2  Laglig,101,1,113.2 MiB (118702188 Bytes),,,,,0,0,2008-01-11T17:52:05Z,Bombish,,0,1,031A7D25974A9F2CB5CF0AFCF6BEE8D712E25E33,,2012-08-25T14:06:01Z
