Filename,Size,Unit
/01- What Is Love (Original 7' Mix).mp3,5.22,M
/02-Life (Radio Edit).mp3,4.97,M
/03- I Miss You .mp3,4.23,M
/04- Rock My Heart.mp3,4.75,M
/05-Mama's House.mp3,4.72,M
/06- Fly Away.mp3,4.73,M
/07- Stir It Up.mp3,5.1,M
/08- Who Do You Love.mp3,3.9,M
/09- Catch A Fire.mp3,4.88,M
/10- What About Me.mp3,4.7,M
/11- You're Taking My Heart.mp3,3.87,M
/12- Lover By The Name.mp3,4.42,M
/13- Come Back.mp3,4.63,M
/14- Shout.mp3,5.31,M
/15- What Is Love (Tod Terry's Mix).mp3,3.69,M
/16- What Is Love (Mosquito Millenium Mix).mp3,5.8,M
/17- In The Mix.mp3,8.63,M
/18- Rock My Heart (remix).mp3,6.88,M
