Title,Type,Files,Size,IMDB,Spoken Languages,Texted Languages,Tags,Quality (+),Quality (-),Uploaded,By,User Type,Seeders,Leechers,Info Hash,Picture,Capture Date
kristalkissy640.wmv,501,1,634.33 MiB (665140396 Bytes),,,,,0,0,2007-05-23T06:29:44Z,fgfhgfhre,,0,0,62B4E619D37A6E1209FC9049E13B01F85229FFCC,,2012-09-01T07:14:05Z
