User Type,Username,Date,Text
,twinned,2007-03-04T21:59Z,"Har ännu inte alla delar i serien. Laddar upp de jag har eftersom och skall försöka få tag på de jag saknar.

/Twinned"
,grobek,2007-03-04T22:41Z,Tack!
,glansen,2007-03-04T23:52Z,Mycket sympatiskt att ge tillgång till dessa unika och klassiska inspelningar. Tack ännu en gång!
,rqmrqm,2007-04-29T10:12Z,"Tack så mycke, Har inte läst honom förut men blev helt fachinerad. Fixa dom andra ochså tack."
