Filename,Size,Unit
Sublime_3discs_Everything_Under_The_Sun.zip,254.14,M
