Filename,Size,Unit
/00-instant_remedy_-_instant_remedy-cd-2002-doc.nfo,13.54,K
/01-last_ninja_-_the_palace-doc.mp3,6.84,M
/02-flimbos_quest-doc.mp3,5.18,M
/03-comic_bakery_(extended_version)-doc.mp3,7.57,M
/04-international_karate-doc.mp3,5.45,M
/05-game_on_(issue_09-89)-doc.mp3,5.98,M
/06-ghosts_n_goblins_(trance_version)-doc.mp3,7.03,M
/07-ik-doc.mp3,7.48,M
/08-last_ninja_-_the_wastelands_(club_version)-doc.mp3,8.81,M
/09-trolls-doc.mp3,4.81,M
/10-warriors_(club_version)-doc.mp3,9.92,M
/11-commando_(v2)-doc.mp3,6.29,M
/12-west_bank_(v2)-doc.mp3,4.38,M
/13-last_ninja_-_the_wastelands_(extended_version)-doc.mp3,7.99,M
/14-comic_bakery-doc.mp3,5.77,M
/15-commando-doc.mp3,6.43,M
