Title,Type,Files,Size,IMDB,Spoken Languages,Texted Languages,Tags,Quality (+),Quality (-),Uploaded,By,User Type,Seeders,Leechers,Info Hash,Picture,Capture Date
Andreas Vollenweider - Dancing with the Lion,101,11,35.93 MiB (37673975 Bytes),,,,,0,0,2007-11-05T19:47:59Z,garcia203,,0,2,F82CED42A85D2BE5B4F38A237BCDA5707FE4816A,,2012-08-28T01:28:59Z
