Title,Type,Files,Size,IMDB,Spoken Languages,Texted Languages,Tags,Quality (+),Quality (-),Uploaded,By,User Type,Seeders,Leechers,Info Hash,Picture,Capture Date
Autodesk Architectural Desktop 2007.rar,301,1,1.83 GiB (1964723197 Bytes),,,,,0,0,2007-08-24T11:49:35Z,blankenfelde,,4,1,EABD32CEA91252C21A951187929D11256D3E7B12,,2012-08-29T21:41:25Z
