Filename,Size,Unit
Polysics - I My Me Mine.avi,32.22,M
