User Type,Username,Date,Text
,ling_pling,2007-08-23T20:09Z,"Change side (coz it more seeder over ther ;D) 

http://thepiratebay.org/tor/3781960"
