Title,Type,Files,Size,IMDB,Spoken Languages,Texted Languages,Tags,Quality (+),Quality (-),Uploaded,By,User Type,Seeders,Leechers,Info Hash,Picture,Capture Date
VA - Masif Hard Trance Anthems Vol 1 Mixed By Steve Hill And Ale,101,11,190.69 MiB (199955993 Bytes),,,,,0,0,2007-06-02T17:41:21Z,Nossie,,2,1,B87EA61631D9BACB445CFE217DE9B7C9CF5D8994,,2012-08-31T21:25:01Z
