Title,Type,Files,Size,IMDB,Spoken Languages,Texted Languages,Tags,Quality (+),Quality (-),Uploaded,By,User Type,Seeders,Leechers,Info Hash,Picture,Capture Date
German TOP100 Single Charts 15 10 2007 MiNiSTRY ,101,1,509.06 MiB (533787547 Bytes),,,,,0,0,2007-10-13T11:04:43Z,Goldfit2007,,0,0,0877A07BE9E0799AC4193F900E0DE53381C1DAD2,,2012-08-28T16:21:06Z
