Title,Type,Files,Size,IMDB,Spoken Languages,Texted Languages,Tags,Quality (+),Quality (-),Uploaded,By,User Type,Seeders,Leechers,Info Hash,Picture,Capture Date
[PSP] Death JR 2 Root of Evil - Team$$,406,3,1 GiB (1074039009 Bytes),,,,,0,0,2007-04-28T16:10:45Z,Snake_f,,0,2,1AE0E9560A1ED17D8552A8AEB6CE0C1F09098F7D,,2012-09-02T03:24:14Z
