User Type,Username,Date,Text
,leeghooft,2006-02-28T01:33Z,"GREAT , the only torrent with MONSTERTRUCKDRIVER in it MANY MANY THANX"
,zeitgeisten,2008-04-17T22:55Z,anyone can seed a little?
