Title,Type,Files,Size,IMDB,Spoken Languages,Texted Languages,Tags,Quality (+),Quality (-),Uploaded,By,User Type,Seeders,Leechers,Info Hash,Picture,Capture Date
Loaded 2007 DVDRip XviD-fragment,201,2,700.17 MiB (734177384 Bytes),,English,,,0,0,2008-01-27T09:06:11Z,aitb,[V],0,0,EA76A3ABC28F48CEBA1B12EB795B61844B076A52,,2012-08-25T03:39:10Z
