User Type,Username,Date,Text
,mailn,2008-08-29T22:14Z,seed please : O)
