User Type,Username,Date,Text
,pinuppamig,2007-02-27T14:52Z,"http://thepiratebay.org/tor/3627910/24.S06E11.REPACK.HR.HDTV.XviD-CRiMSON


REPACK"
