Filename,Size,Unit
/Transilvania 666 CD1/01 - Tribute to Iron Maiden - Run To The Hills _ Avalanch.mp3,7.92,M
/Transilvania 666 CD1/02 - Tribute to Iron Maiden - Flight Of Icarus _ Tierra Santa.mp3,5.49,M
/Transilvania 666 CD1/03 - Tribute to Iron Maiden - Charlotte The Harlot _ Lujuria.mp3,4.82,M
/Transilvania 666 CD1/04 - Tribute to Iron Maiden - The Evil That Men Do _ Azrael.mp3,6.44,M
/Transilvania 666 CD1/05 - Tribute to Iron Maiden - Wasted Years _ Skunk D.F.mp3,7.23,M
/Transilvania 666 CD1/06 - Tribute to Iron Maiden - Wrathchild _ Grass.mp3,4.15,M
/Transilvania 666 CD1/07 - Tribute to Iron Maiden - Fear Of The Dark _ Demonios.mp3,6.61,M
/Transilvania 666 CD1/08 - Tribute to Iron Maiden - Revelantions _ Twilight.mp3,7.4,M
/Transilvania 666 CD1/playlist.m3u,497,B
/Transilvania 666 CD2/01 - Tribute To Iron Maiden - Strange World _ MÃ¤go de Oz.mp3,9.53,M
/Transilvania 666 CD2/02 - Tribute To Iron Maiden - The Trooper _ Easy Rider.mp3,5.78,M
/Transilvania 666 CD2/03 - Tribute To Iron Maiden - Phantom Of The Opera _ Ankhara.mp3,10.41,M
/Transilvania 666 CD2/04 - Tribute To Iron Maiden - Powerslave _ Piramid.mp3,9.37,M
/Transilvania 666 CD2/05 - Tribute To Iron Maiden - Running Free _ Tea.mp3,6,M
/Transilvania 666 CD2/06 - Tribute To Iron Maiden - Holy Smoke _ Aerobitch.mp3,3.66,M
/Transilvania 666 CD2/07 - Tribute To Iron Maiden - Moonchild _ Sentinel.mp3,6.27,M
/Transilvania 666 CD2/08 - Tribute To Iron Maiden - Children Of The Dawmned _ Dracon.mp3,7.01,M
/Transilvania 666 CD2/playlist.m3u,480,B
