Filename,Size,Unit
/FOT_3CDPatch_032301.exe,75.75,M
/Fallout Tactics Disc 1.iso,581.92,M
/Fallout Tactics Disc 2.iso,631.39,M
/Fallout Tactics Disc 3.iso,616.6,M
/KerrazY-Torrents - bdsm.nfo,2.34,K
/fotpatch1.27.exe,16.39,M
