Title,Type,Files,Size,IMDB,Spoken Languages,Texted Languages,Tags,Quality (+),Quality (-),Uploaded,By,User Type,Seeders,Leechers,Info Hash,Picture,Capture Date
Minuscule Vol2_Cd_1,299,10,491.11 MiB (514966510 Bytes),,,,,0,0,2008-01-19T10:57:50Z,annia,,0,1,A205301B31EFBB300727E9D4F50D666A6100BE10,,2012-08-25T08:59:04Z
