Filename,Size,Unit
Laguna.Beach.S02E17.WS.DSR.XviD-UMD.avi,174.03,M
