Title,Type,Files,Size,IMDB,Spoken Languages,Texted Languages,Tags,Quality (+),Quality (-),Uploaded,By,User Type,Seeders,Leechers,Info Hash,Picture,Capture Date
Pirates.Of.The.Caribbean.At.Worlds.End.PROPER.DVDRip.XviD-HooKah,201,102,1.37 GiB (1471337583 Bytes),http://www.imdb.com/title/tt0449088/,English,,,0,0,2007-10-12T23:02:57Z,asdasdp,,0,0,565CB6643D48EE74B91F00A239DBCDE9514AE351,,2012-08-28T16:37:44Z
