User Type,Username,Date,Text
,drecodutch,2007-05-21T07:41Z,veel zeeuwen hier.........erg zuinig met Seeders.
