Filename,Size,Unit
/avg75free_503a1171.exe,29.01,M
/avg_aff_uma_en_75_9.pdf,580.49,K
/u7avi1205u991vy.bin,490.08,K
/u7avi1205vy.bin,5.82,M
/u7f4469t.bin,6.18,M
/u7f503rf.bin,6.9,M
/u7iavi1146mk.bin,16.37,M
