Title,Type,Files,Size,IMDB,Spoken Languages,Texted Languages,Tags,Quality (+),Quality (-),Uploaded,By,User Type,Seeders,Leechers,Info Hash,Picture,Capture Date
crazy and beautiful chick,506,1,131.34 MiB (137718888 Bytes),,English,English,,0,0,2007-10-01T16:22:06Z,jayden_gee,,0,0,C8BE8AA5710F533B317F8A1AC67C959EABF2B652,,2012-08-28T22:29:26Z
