Filename,Size,Unit
KieTheVez - Erina.avi,35.22,M
