User Type,Username,Date,Text
,kammgard,2007-05-23T14:12Z,What kind of season is it ?
,stingrayo69,2007-10-29T18:22Z,"This is Blackadder Goes Forth (1989), the fourth series."
,outlawz_07,2008-03-02T17:42Z,"PLEASE SEED 
PROMISE To seed myself if i finished DL it"
