Filename,Size,Unit
Advanced_Uninstaller8.exe,16.02,M
