Filename,Size,Unit
/DJ CHEWMACCA!.url,136,B
/DJ Chewmacca! - mix53 - Trance Adrenaline 2005 Vol. 4.cue,2.32,K
/DJ Chewmacca! - mix53 - Trance Adrenaline 2005 Vol. 4.mp3,179.7,M
/DJ Chewmacca! Poster.jpg,103.44,K
/DJ Chewmacca! Wallpaper.jpg,115.11,K
/DJC_cover53.jpg,610.38,K
/DONATIONS.url,428,B
/GUESTBOOK.url,280,B
