Filename,Size,Unit
/mythtv_0.20_xebian_1.1.4_xbox_1.4.zip,407.7,M
/README.txt,1.88,K
