Filename,Size,Unit
/1-01 The Christmas Song.mp3,7.25,M
/1-02 White Christmas.mp3,6.81,M
/1-03 Blue Christmas.mp3,4.9,M
/1-04 Have Yourself a Merry Little Christmas.mp3,7.94,M
/1-05 Winter Wonderland.mp3,5.1,M
/1-06 Sleigh Ride.mp3,6.77,M
/1-07 Let It Snow!.mp3,4.45,M
/1-08 Home for the Holidays.mp3,6.56,M
/1-09 The Most Wonderful Time of the Year.mp3,6.34,M
/1-10 A Holly Jolly Christmas.mp3,5.12,M
"/1-11 Rudolph, the Red-Nosed Reindeer.mp3",7.38,M
/1-12 Grandma Got Run Over By A Reindeer.mp3,7.95,M
/1-13 Rockin' Around the Christmas Tree.mp3,4.81,M
/1-14 Jingle Bell Rock.mp3,4.97,M
/1-15 Little Saint Nick.mp3,4.91,M
/1-16 Merry Christmas Darling.mp3,7.1,M
/1-17 Christmas Collage.mp3,8.18,M
/1-18 Little Drummer Boy_Peace On Earth.mp3,6,M
/2-01 Happy Christmas.mp3,8.13,M
/2-02 Santa Claus Is Comin' To Town.mp3,10.14,M
/2-03 Do They Know It's Christmas_.mp3,8.45,M
/2-04 Wonderful Christmastime.mp3,8.64,M
/2-05 Our Love Is Like A Holiday.mp3,7.5,M
/2-06 Santa Claus.mp3,10.6,M
/2-07 Jingle Bells.mp3,5.03,M
/2-08 Away In A Manger.mp3,7.58,M
/2-09 Deck The Halls.mp3,7.12,M
/2-10 Love On Layaway.mp3,10.17,M
/2-11 Don't Save It All For Christmas Day.mp3,10.55,M
/2-12 This Christmas.mp3,7.11,M
/2-13 Special Gift.mp3,9.1,M
/2-14 All We Need Is Love.mp3,9.11,M
/2-15 My Only Wish.mp3,9.76,M
/2-16 You Don't Have To Be Alone.mp3,10.43,M
/2-17 O Come All Ye Faithful.mp3,9.83,M
/2-18 Silent Night.mp3,5.82,M
/cover.jpg,20.67,K
/Torrent downloaded from Demonoid.com.txt,47,B
