Filename,Size,Unit
/Love.In.Magic.2005.smi,291.7,K
/Love.In.Magic.2005.wmv,902.69,M
