Filename,Size,Unit
NCIS.S04E21.VOSTF.HR[Spacemen-Team].avi,700.3,M
