Title,Type,Files,Size,IMDB,Spoken Languages,Texted Languages,Tags,Quality (+),Quality (-),Uploaded,By,User Type,Seeders,Leechers,Info Hash,Picture,Capture Date
Time.Out.S09E11.SWEDiSH.PDTV.XviD-ST,205,16,183.27 MiB (192176183 Bytes),,Swedish,,,0,0,2007-05-04T07:12:56Z,elsebasbe,,0,0,8F5BEE892F8ADDB2016B799EB7CF89AE153B3C63,,2012-09-02T01:17:36Z
