Filename,Size,Unit
Världens bästa webcam.avi,9.95,M
