Filename,Size,Unit
M4V10001.MP4,513.87,M
