Title,Type,Files,Size,IMDB,Spoken Languages,Texted Languages,Tags,Quality (+),Quality (-),Uploaded,By,User Type,Seeders,Leechers,Info Hash,Picture,Capture Date
Onion Booty - Pinkys Bubble Booty,501,1,254.12 MiB (266461514 Bytes),,English,English,,6,0,2006-09-14T14:17:58Z,gnice06,[V],2,1,E55D2B159A7463A41A4DFEEAB07E7B868831472B,,2012-09-05T20:19:39Z
