Filename,Size,Unit
eftermiddag d. 18.mpg,1.59,G
