Filename,Size,Unit
/AMA.jpg,1.85,M
/AMA_Front.jpg,3.01,M
/Cd_01 - Anna min alskade/Track 01.mp3,97.36,K
/Cd_01 - Anna min alskade/Track 02.mp3,3.71,M
/Cd_01 - Anna min alskade/Track 03.mp3,3.35,M
/Cd_01 - Anna min alskade/Track 04.mp3,3.26,M
/Cd_01 - Anna min alskade/Track 05.mp3,3.58,M
/Cd_01 - Anna min alskade/Track 06.mp3,3.38,M
/Cd_01 - Anna min alskade/Track 07.mp3,3.23,M
/Cd_01 - Anna min alskade/Track 08.mp3,3.58,M
/Cd_01 - Anna min alskade/Track 09.mp3,3.38,M
/Cd_01 - Anna min alskade/Track 10.mp3,3.48,M
/Cd_01 - Anna min alskade/Track 11.mp3,3.61,M
/Cd_01 - Anna min alskade/Track 12.mp3,3.4,M
/Cd_01 - Anna min alskade/Track 13.mp3,3.31,M
/Cd_01 - Anna min alskade/Track 14.mp3,3.28,M
/Cd_01 - Anna min alskade/Track 15.mp3,3.37,M
/Cd_01 - Anna min alskade/Track 16.mp3,3.48,M
/Cd_02 - Anna min alskade/Track 01.mp3,84.81,K
/Cd_02 - Anna min alskade/Track 02.mp3,3.36,M
/Cd_02 - Anna min alskade/Track 03.mp3,3.44,M
/Cd_02 - Anna min alskade/Track 04.mp3,3.4,M
/Cd_02 - Anna min alskade/Track 05.mp3,3.39,M
/Cd_02 - Anna min alskade/Track 06.mp3,3.37,M
/Cd_02 - Anna min alskade/Track 07.mp3,3.34,M
/Cd_02 - Anna min alskade/Track 08.mp3,3.51,M
/Cd_02 - Anna min alskade/Track 09.mp3,3.58,M
/Cd_02 - Anna min alskade/Track 10.mp3,3.52,M
/Cd_02 - Anna min alskade/Track 11.mp3,3.45,M
/Cd_02 - Anna min alskade/Track 12.mp3,3.5,M
/Cd_02 - Anna min alskade/Track 13.mp3,3.35,M
/Cd_02 - Anna min alskade/Track 14.mp3,3.52,M
/Cd_02 - Anna min alskade/Track 15.mp3,3.46,M
/Cd_02 - Anna min alskade/Track 16.mp3,3.46,M
/Cd_03 - Anna min aÌlskade/Track 01.mp3,84.81,K
/Cd_03 - Anna min aÌlskade/Track 02.mp3,3.29,M
/Cd_03 - Anna min aÌlskade/Track 03.mp3,3.39,M
/Cd_03 - Anna min aÌlskade/Track 04.mp3,3.46,M
/Cd_03 - Anna min aÌlskade/Track 05.mp3,3.63,M
/Cd_03 - Anna min aÌlskade/Track 06.mp3,3.54,M
/Cd_03 - Anna min aÌlskade/Track 07.mp3,3.57,M
/Cd_03 - Anna min aÌlskade/Track 08.mp3,3.66,M
/Cd_03 - Anna min aÌlskade/Track 09.mp3,3.47,M
/Cd_03 - Anna min aÌlskade/Track 10.mp3,3.42,M
/Cd_03 - Anna min aÌlskade/Track 11.mp3,3.41,M
/Cd_03 - Anna min aÌlskade/Track 12.mp3,3.34,M
/Cd_03 - Anna min aÌlskade/Track 13.mp3,3.51,M
/Cd_03 - Anna min aÌlskade/Track 14.mp3,3.47,M
/Cd_03 - Anna min aÌlskade/Track 15.mp3,3.58,M
/Cd_03 - Anna min aÌlskade/Track 16.mp3,3.62,M
/Cd_04 - Anna min aÌlskade/Track 01.mp3,84.81,K
/Cd_04 - Anna min aÌlskade/Track 02.mp3,3.45,M
/Cd_04 - Anna min aÌlskade/Track 03.mp3,3.49,M
/Cd_04 - Anna min aÌlskade/Track 04.mp3,3.45,M
/Cd_04 - Anna min aÌlskade/Track 05.mp3,3.51,M
/Cd_04 - Anna min aÌlskade/Track 06.mp3,3.43,M
/Cd_04 - Anna min aÌlskade/Track 07.mp3,3.6,M
/Cd_04 - Anna min aÌlskade/Track 08.mp3,3.52,M
/Cd_04 - Anna min aÌlskade/Track 09.mp3,3.55,M
/Cd_04 - Anna min aÌlskade/Track 10.mp3,3.33,M
/Cd_04 - Anna min aÌlskade/Track 11.mp3,3.54,M
/Cd_04 - Anna min aÌlskade/Track 12.mp3,3.17,M
/Cd_04 - Anna min aÌlskade/Track 13.mp3,3.46,M
/Cd_04 - Anna min aÌlskade/Track 14.mp3,3.49,M
/Cd_04 - Anna min aÌlskade/Track 15.mp3,3.52,M
/Cd_04 - Anna min aÌlskade/Track 16.mp3,3.68,M
/Cd_05 - Anna min aÌlskade/Track 01.mp3,85.11,K
/Cd_05 - Anna min aÌlskade/Track 02.mp3,3.57,M
/Cd_05 - Anna min aÌlskade/Track 03.mp3,3.75,M
/Cd_05 - Anna min aÌlskade/Track 04.mp3,3.4,M
/Cd_05 - Anna min aÌlskade/Track 05.mp3,3.43,M
/Cd_05 - Anna min aÌlskade/Track 06.mp3,3.39,M
/Cd_05 - Anna min aÌlskade/Track 07.mp3,3.62,M
/Cd_05 - Anna min aÌlskade/Track 08.mp3,3.46,M
/Cd_05 - Anna min aÌlskade/Track 09.mp3,3.5,M
/Cd_05 - Anna min aÌlskade/Track 10.mp3,3.39,M
/Cd_05 - Anna min aÌlskade/Track 11.mp3,3.33,M
/Cd_05 - Anna min aÌlskade/Track 12.mp3,3.33,M
/Cd_05 - Anna min aÌlskade/Track 13.mp3,3.56,M
/Cd_05 - Anna min aÌlskade/Track 14.mp3,3.41,M
/Cd_05 - Anna min aÌlskade/Track 15.mp3,3.27,M
/Cd_05 - Anna min aÌlskade/Track 16.mp3,1.69,M
/Cd_05 - Anna min aÌlskade/Track 17.mp3,233.28,K
/Cd_05 - Anna min aÌlskade/Track 18.mp3,281.03,K
