Title,Type,Files,Size,IMDB,Spoken Languages,Texted Languages,Tags,Quality (+),Quality (-),Uploaded,By,User Type,Seeders,Leechers,Info Hash,Picture,Capture Date
Cuenta Atras[T01][SATRIP][capi 2],203,1,400.27 MiB (419713024 Bytes),,,,,0,0,2007-05-10T02:02:39Z,bladepeich,,0,0,DB663112F2135CD0A3CF0C952CC9F3976983688F,,2012-09-01T21:50:08Z
