Filename,Size,Unit
Stefan Sundström - Dyrt Att Vara Fattiglapp (Live Go'Kväll 2006).avi,17.77,M
