Title,Type,Files,Size,IMDB,Spoken Languages,Texted Languages,Tags,Quality (+),Quality (-),Uploaded,By,User Type,Seeders,Leechers,Info Hash,Picture,Capture Date
[NEW] Sarah Connor - Christmas in My Heart (Limited Edition 2005,101,1,64.6 MiB (67741922 Bytes),,,,,0,0,2005-11-22T13:44:49Z,Torrentazos,,0,0,22F0CA7FDEC2D79CE7B6E4B9C0239984DA0BCE58,,2012-09-08T08:00:47Z
