Title,Type,Files,Size,IMDB,Spoken Languages,Texted Languages,Tags,Quality (+),Quality (-),Uploaded,By,User Type,Seeders,Leechers,Info Hash,Picture,Capture Date
Danskernes.Egen.Historie.Livet.På.Landet.2.DVDR,202,90,3.91 GiB (4202872707 Bytes),,Danish,,,0,0,2007-11-13T17:45:42Z,poulsj,,0,0,E0DB11484798C36B87C4D349A455A11BB42C3058,,2012-08-27T18:52:27Z
