Title,Type,Files,Size,IMDB,Spoken Languages,Texted Languages,Tags,Quality (+),Quality (-),Uploaded,By,User Type,Seeders,Leechers,Info Hash,Picture,Capture Date
SR Rally 2000-03-31,101,3,159.41 MiB (167149399 Bytes),,,,,0,0,2005-03-05T16:48:35Z,offim,,1,0,76B002CE510FD512AD3810F56BDDC4F213BCDB80,,2012-09-13T18:45:24Z
