Filename,Size,Unit
Lemmings Revolution.exe,168.5,M
