Title,Type,Files,Size,IMDB,Spoken Languages,Texted Languages,Tags,Quality (+),Quality (-),Uploaded,By,User Type,Seeders,Leechers,Info Hash,Picture,Capture Date
With Honor - This is our revenge,101,11,49.3 MiB (51695089 Bytes),,,,,0,0,2005-12-05T07:08:12Z,danielmofet,,0,3,C96E9BB394A1C2262E7CFF1F9FCE98CB41F5786C,,2012-09-08T05:11:02Z
