Filename,Size,Unit
/Cover/Pearl Harbor cd1.bmp,2.86,M
/Cover/Pearl Harbor cd2.bmp,2.79,M
/Cover/Pearl Harbor front.bmp,4.31,M
/Cover/Pearl Harbor inlay.bmp,3.85,M
/Video_TS/VIDEO_TS.BUP,12,K
/Video_TS/VIDEO_TS.IFO,12,K
/Video_TS/VTS_01_0.BUP,132,K
/Video_TS/VTS_01_0.IFO,132,K
/Video_TS/VTS_01_0.VOB,136.06,M
/Video_TS/VTS_01_1.VOB,1024,M
/Video_TS/VTS_01_2.VOB,1024,M
/Video_TS/VTS_01_3.VOB,1024,M
/Video_TS/VTS_01_4.VOB,1024,M
/Video_TS/VTS_01_5.VOB,199.93,M
/Video_TS/VTS_02_0.BUP,18,K
/Video_TS/VTS_02_0.IFO,18,K
/Video_TS/VTS_02_0.VOB,212,K
/Video_TS/VTS_02_1.VOB,14.96,M
/Video_TS/VTS_03_0.BUP,12,K
/Video_TS/VTS_03_0.IFO,12,K
/Video_TS/VTS_03_1.VOB,10.34,M
/Video_TS/VTS_04_0.BUP,22,K
/Video_TS/VTS_04_0.IFO,22,K
/Video_TS/VTS_04_0.VOB,10,K
/Video_TS/VTS_04_1.VOB,6.3,M
/Video_TS/VTS_05_0.BUP,14,K
/Video_TS/VTS_05_0.IFO,14,K
/Video_TS/VTS_05_1.VOB,4.65,M
