Title,Type,Files,Size,IMDB,Spoken Languages,Texted Languages,Tags,Quality (+),Quality (-),Uploaded,By,User Type,Seeders,Leechers,Info Hash,Picture,Capture Date
Pirates.Of.The.Caribbean.Dead.Mans.Chest.2006.DTS.PAL.DVDR-PROFi,202,98,4.43 GiB (4752973000 Bytes),http://www.imdb.com/title/tt0383574/,English,"Swedish, Norwegian, Danish, Finnish",,0,0,2006-11-14T21:12:43Z,mikohl,[V],0,0,210E86714CDA3C875462FD68CE2D3ED0D1D2EC6C,,2012-09-05T03:04:36Z
