User Type,Username,Date,Text
,Whatley,2008-01-25T02:14Z,Thank you so much *** looking forward to this ***
,izzys,2008-12-15T13:02Z,Please aeed :-) 
