Filename,Size,Unit
/Torrent downloaded from Demonoid.com.txt,47,B
/VIDEO_TS/VIDEO_TS.BUP,16,K
/VIDEO_TS/VIDEO_TS.IFO,16,K
/VIDEO_TS/VIDEO_TS.VOB,344,K
/VIDEO_TS/VTS_01_0.BUP,52,K
/VIDEO_TS/VTS_01_0.IFO,52,K
/VIDEO_TS/VTS_01_0.VOB,2.14,M
/VIDEO_TS/VTS_01_1.VOB,1024,M
/VIDEO_TS/VTS_01_2.VOB,55.64,M
/VIDEO_TS/VTS_02_0.BUP,52,K
/VIDEO_TS/VTS_02_0.IFO,52,K
/VIDEO_TS/VTS_02_0.VOB,2.13,M
/VIDEO_TS/VTS_02_1.VOB,1024,M
/VIDEO_TS/VTS_02_2.VOB,57.22,M
/VIDEO_TS/VTS_03_0.BUP,52,K
/VIDEO_TS/VTS_03_0.IFO,52,K
/VIDEO_TS/VTS_03_0.VOB,1.44,M
/VIDEO_TS/VTS_03_1.VOB,1024,M
/VIDEO_TS/VTS_03_2.VOB,129.5,M
/VIDEO_TS/VTS_04_0.BUP,54,K
/VIDEO_TS/VTS_04_0.IFO,54,K
/VIDEO_TS/VTS_04_0.VOB,2.14,M
/VIDEO_TS/VTS_04_1.VOB,1024,M
/VIDEO_TS/VTS_04_2.VOB,131.76,M
/VIDEO_TS/VTS_05_0.BUP,20,K
/VIDEO_TS/VTS_05_0.IFO,20,K
/VIDEO_TS/VTS_05_0.VOB,854,K
/VIDEO_TS/VTS_05_1.VOB,30,K
