Filename,Size,Unit
Smash_vs_DRO_Team.avi,12.73,M
