Filename,Size,Unit
nakednufrip.zip,46.89,M
