Title,Type,Files,Size,IMDB,Spoken Languages,Texted Languages,Tags,Quality (+),Quality (-),Uploaded,By,User Type,Seeders,Leechers,Info Hash,Picture,Capture Date
Hirens.BootCD.9.2.rar,301,1,75.66 MiB (79339765 Bytes),,,,,0,0,2007-08-01T21:31:16Z,Bird6,,1,0,2DE3D2972BF88D6670C0F62E485D2B020B6A7C33,,2012-08-30T21:01:29Z
