Title,Type,Files,Size,IMDB,Spoken Languages,Texted Languages,Tags,Quality (+),Quality (-),Uploaded,By,User Type,Seeders,Leechers,Info Hash,Picture,Capture Date
Aunque estes lejos.DVDRIP.,201,2,646.18 MiB (677566088 Bytes),,Spanish,,,0,0,2007-11-05T18:27:04Z,cholo24,[V],0,1,9C9C0E28EDC069A54E06E6C61EB7800B1AD12A5B,,2012-08-28T01:31:54Z
