Title,Type,Files,Size,IMDB,Spoken Languages,Texted Languages,Tags,Quality (+),Quality (-),Uploaded,By,User Type,Seeders,Leechers,Info Hash,Picture,Capture Date
Zdob Si Zdub - Videly Noch.mp3,101,1,8.95 MiB (9381756 Bytes),,,,,0,0,2006-03-19T00:21:02Z,mental_case,,0,2,0ACC9F00E94C47FB7058EC37DCE281A5D656BE84,,2012-09-07T05:22:17Z
