Title,Type,Files,Size,IMDB,Spoken Languages,Texted Languages,Tags,Quality (+),Quality (-),Uploaded,By,User Type,Seeders,Leechers,Info Hash,Picture,Capture Date
2003 OFFICE PRO (NO SERIAL REQUIRED).exe,301,1,433.57 MiB (454625895 Bytes),,,,,0,0,2006-10-10T23:19:01Z,stevestayen,,0,0,3DADAAE2CC9A0C33246CD7FCA45B6B8B24EE8A06,,2012-09-05T13:34:23Z
