User Type,Username,Date,Text
,supermass,2007-12-22T14:18Z,Hoppas att det 채r bra seed p책 denna :) 
,greeneck,2008-08-10T21:23Z,Tackar & bockar!
