Title,Type,Files,Size,IMDB,Spoken Languages,Texted Languages,Tags,Quality (+),Quality (-),Uploaded,By,User Type,Seeders,Leechers,Info Hash,Picture,Capture Date
STOPzilla! v3.1.0.7 + Crack (pop up blocker and the code works!!,301,3,6.17 MiB (6470586 Bytes),,,,,0,0,2007-08-03T19:10:32Z,torrentking91,,9,1,9DFA65174D05586C85021AEA4662B715A089F94F,,2012-08-30T20:17:22Z
