Filename,Size,Unit
Shai - Love Cycle (2007) - R&B [www.torrentazos.com].rar,78.13,M
