Title,Type,Files,Size,IMDB,Spoken Languages,Texted Languages,Tags,Quality (+),Quality (-),Uploaded,By,User Type,Seeders,Leechers,Info Hash,Picture,Capture Date
La Vuelta Al Mundo De Willy Fog [EP 04] Se Busca A Willy Fog [CV,205,1,104.84 MiB (109937228 Bytes),,,,,0,0,2005-04-09T22:09:46Z,pctorrent,[T],0,1,106B995783752E6A404E40E89669692B3C49CA32,,2012-09-13T09:33:34Z
