Filename,Size,Unit
Rihanna - A Girl Like Me (2006) - R&B.rar,83.94,M
