Title,Type,Files,Size,IMDB,Spoken Languages,Texted Languages,Tags,Quality (+),Quality (-),Uploaded,By,User Type,Seeders,Leechers,Info Hash,Picture,Capture Date
Sting & The Police Greatest Hits mp3,101,1,155.5 MiB (163057620 Bytes),,,,,0,0,2005-01-03T10:17:03Z,vdweele2,,2,0,33D13C63439FE81246DA5EAF5B34E219B94CAE37,,2012-09-14T10:40:55Z
