User Type,Username,Date,Text
,reborn4suicide,2010-01-28T10:57Z,PLEASE SEED ANYONE I LOVE THIS BAND!!!!
