Title,Type,Files,Size,IMDB,Spoken Languages,Texted Languages,Tags,Quality (+),Quality (-),Uploaded,By,User Type,Seeders,Leechers,Info Hash,Picture,Capture Date
the arcade fire-neon bible,101,11,63.71 MiB (66804162 Bytes),,,,,2,0,2007-10-28T10:05:12Z,venom2112,,38,3,7273DF61C78C9ACD46A5534470C0342895E8C7B8,,2012-08-28T07:50:27Z
