Filename,Size,Unit
Hot woman finger.mpg,13.06,M
