Filename,Size,Unit
Amy Diamond - Rockin Around The Christmas Tree (Live TV-Huset).mpg,21.17,M
