Filename,Size,Unit
/Diciembre07.pdf,1.07,M
/Torrent_descargado_de_dvdquorum_es.txt,45,B
/VIDEO_TS/VIDEO_TS.BUP,14,K
/VIDEO_TS/VIDEO_TS.IFO,14,K
/VIDEO_TS/VIDEO_TS.VOB,10,K
/VIDEO_TS/VTS_01_0.BUP,66,K
/VIDEO_TS/VTS_01_0.IFO,66,K
/VIDEO_TS/VTS_01_0.VOB,211.76,M
/VIDEO_TS/VTS_01_1.VOB,1024,M
/VIDEO_TS/VTS_01_2.VOB,1024,M
/VIDEO_TS/VTS_01_3.VOB,1024,M
/VIDEO_TS/VTS_01_4.VOB,1024,M
/VIDEO_TS/VTS_01_5.VOB,113.24,M
/VIDEO_TS/VTS_02_0.BUP,18,K
/VIDEO_TS/VTS_02_0.IFO,18,K
/VIDEO_TS/VTS_02_0.VOB,10,K
/VIDEO_TS/VTS_02_1.VOB,40,K
/VIDEO_TS/VTS_03_0.BUP,18,K
/VIDEO_TS/VTS_03_0.IFO,18,K
/VIDEO_TS/VTS_03_0.VOB,12,K
/VIDEO_TS/VTS_03_1.VOB,20,K
/VIDEO_TS/VTS_04_0.BUP,18,K
/VIDEO_TS/VTS_04_0.IFO,18,K
/VIDEO_TS/VTS_04_0.VOB,10,K
/VIDEO_TS/VTS_04_1.VOB,10,K
