Filename,Size,Unit
/Malcolm McLaren/World Famous Supreme Team Show Round The Outside!/01-Operaa House!.mp3,13.47,M
/Malcolm McLaren/World Famous Supreme Team Show Round The Outside!/02-World Tribe.mp3,8.75,M
/Malcolm McLaren/World Famous Supreme Team Show Round The Outside!/03-Diva Loves Operaa House!.mp3,16.33,M
/Malcolm McLaren/World Famous Supreme Team Show Round The Outside!/04-II Be Or Not II Be.mp3,9.46,M
/Malcolm McLaren/World Famous Supreme Team Show Round The Outside!/05-Romeo And Juliet.mp3,7.25,M
/Malcolm McLaren/World Famous Supreme Team Show Round The Outside!/06-Whrefor Art Thou_.mp3,13.35,M
/Malcolm McLaren/World Famous Supreme Team Show Round The Outside!/07-Buffalo Gals II (Remix).mp3,8.53,M
/Malcolm McLaren/World Famous Supreme Team Show Round The Outside!/08-World Famous Supreme Team Radio Show (Remix).mp3,12.47,M
/Malcolm McLaren/World Famous Supreme Team Show Round The Outside!/09-Un Coche De Agua Negra.mp3,9.9,M
/Malcolm McLaren/World Famous Supreme Team Show Round The Outside!/10-Aladdin's Scratch.mp3,8.47,M
/Malcolm McLaren/World Famous Supreme Team Show Round The Outside!/Infos/06-BackCover.gif,83.01,K
/Malcolm McLaren/World Famous Supreme Team Show Round The Outside!/Infos/01-Front Cover.gif,89.66,K
/Malcolm McLaren/World Famous Supreme Team Show Round The Outside!/Infos/05-InLay BackCover1.gif,141.45,K
/Malcolm McLaren/World Famous Supreme Team Show Round The Outside!/Infos/TrackList.txt,950,B
/Malcolm McLaren/World Famous Supreme Team Show Round The Outside!/Infos/02-InLay.gif,117.87,K
/Malcolm McLaren/World Famous Supreme Team Show Round The Outside!/Infos/03-InLay.gif,128.26,K
/Malcolm McLaren/World Famous Supreme Team Show Round The Outside!/Infos/04-InLay.gif,138.29,K
