Filename,Size,Unit
/01 - Intro_No Path To Follow.flac,16.07,M
/02 - Galvanize.flac,24.69,M
/03 - Burst Generator.flac,39.98,M
/04 - Do It Again Vs. Get Yourself High.flac,33.52,M
/05 - Hey Boy Hey Girl.flac,30.72,M
/06 - All Rights Reversed.flac,36.98,M
/07 - Out Of Control.flac,35.56,M
/08 - It Doesn't Matter.flac,35.27,M
/09 - Star Guitar.flac,47.34,M
/10 - Surface To Air.flac,37.25,M
/11 - Under The Influence.flac,20.97,M
/12 - Saturate.flac,19.48,M
/13 - Believe.flac,44.29,M
/14 - We Are The Night.flac,38.35,M
/15 - The Golden Path.flac,24.27,M
/16 - Acid Children.flac,5.43,M
/17 - Chemical Beats.flac,29.58,M
/18 - intermission.flac,25.85,M
/19 - Leave Home.flac,12.31,M
/20 - Block Rockin' Beats.flac,26.28,M
/21 - Das Spiegel.flac,49.76,M
/22 - The Sunshine Underground.flac,73.3,M
/chemical brothers 1.MOV,5.65,M
/chemical brothers 2.MOV,1.03,M
/chemical brothers 3.MOV,2.12,M
/DSCN2464.JPG,1.63,M
/the chemical brothers - live @ the concourse_san francisco ca_aud 2007-09-28.md5,1.43,K
/the chemical brothers - live @ the concourse_san francisco ca_aud 2007-09-28.txt,2.37,K
/www.themixingbowl.org.nfo,2.05,K
