Title,Type,Files,Size,IMDB,Spoken Languages,Texted Languages,Tags,Quality (+),Quality (-),Uploaded,By,User Type,Seeders,Leechers,Info Hash,Picture,Capture Date
Rap KINGZ of ENGLAND promo release late 2007,101,1,91.83 MiB (96287390 Bytes),,,,,0,0,2007-09-09T16:21:50Z,slowpoke101,,1,0,FC9977A3926BE5A56FAE1D859C3AE1782C0CDFC9,,2012-08-29T13:19:46Z
