Filename,Size,Unit
/CD1/Carl B - Social Suicide.mp3,10.79,M
/CD1/Deep Voices - 26 Hours.mp3,9.95,M
/CD1/Dt8 Project - Breathe.mp3,8.95,M
/CD1/Fictivision vs C - Symbols.mp3,8.84,M
/CD1/Joshua Cunningham - Synergy.mp3,12.24,M
/CD1/Jpl - Mirakel.mp3,11.83,M
/CD1/Mannix Vs Kaymak - World Gone Mad.mp3,9.9,M
/CD1/Paul Mendez and Zero 3 - Exotica.mp3,9.44,M
/CD1/Signum - Harmonic.mp3,11.73,M
/CD1/Steve Allen - Lost Control.mp3,9.65,M
/CD1/Tgl Vs Elements - Palermo Stone.mp3,11.31,M
/CD2/Ali Wilson and Dmf - Emanation.mp3,9.84,M
/CD2/Dt8 Project - Tomorrow Never Comes.mp3,11.83,M
/CD2/Evgeny Bardyuzha - Aquilon.mp3,9.76,M
/CD2/Lost World - A Life Elsewhere.mp3,14.65,M
/CD2/Merk Eteson - Atlantic.mp3,11.47,M
/CD2/Nitrous Oxide Presents Redmoon - Cumulus.mp3,11.99,M
/CD2/Northern Project - Eclidian Axiom.mp3,12.94,M
/CD2/Plastic Angel - Call the Galaxy Taxi.mp3,11.04,M
/CD2/Renovatio - High Definition.mp3,11.25,M
/CD2/Trevor Mclachlan - Compromize.mp3,9.03,M
/CD3/Alex Bartlett - Amnesia.mp3,10.19,M
/CD3/Carl B - Cursed.mp3,10.15,M
/CD3/Icone Meets Static Blue - The Fall.mp3,9.76,M
/CD3/Kamil Polner - Soul Cure.mp3,11.98,M
/CD3/Lange Vs Gareth Emery - Another You Another Me.mp3,10.03,M
/CD3/Mystery Islands and Stefan Cambridge Presents Chapter G8 - State of Mind.mp3,9.57,M
/CD3/Myth - Sjamaan.mp3,11.77,M
/CD3/Northern Project - Touched by an Angel.mp3,9.97,M
/CD3/Planishere - Nothings Slave.mp3,9.88,M
/CD3/Sly One - House of Muzik.mp3,10.21,M
/CD3/Wolf - Prophecy.mp3,11.28,M
