User Type,Username,Date,Text
,tinket,2007-12-14T19:54Z,"please seed!!

merci!"
,Gargamel38,2008-05-15T22:41Z,Pour l'amour du ciel veuillez seeder SVP !
,Jordan360,2008-08-31T21:22Z,Quelqu'un pourrais seeder svp ?
