Title,Type,Files,Size,IMDB,Spoken Languages,Texted Languages,Tags,Quality (+),Quality (-),Uploaded,By,User Type,Seeders,Leechers,Info Hash,Picture,Capture Date
Bill Bryson,102,248,1.38 GiB (1483897528 Bytes),,English,,,0,0,2007-11-13T21:57:39Z,Dr.Acid_X_Dreams_PHYCO_MD,,1,0,D6033A044DC67F9154AD5F795D764B65986C63F0,,2012-08-27T18:42:01Z
