Filename,Size,Unit
Patti Smith - Because The Night (Live Jools Holland 2002).avi,31.39,M
