Title,Type,Files,Size,IMDB,Spoken Languages,Texted Languages,Tags,Quality (+),Quality (-),Uploaded,By,User Type,Seeders,Leechers,Info Hash,Picture,Capture Date
Winternal ERD 2005 - Boot Disc (Including LOCKSMITH to crack XP,301,1,155.46 MiB (163010560 Bytes),,,,,1,0,2007-01-02T02:03:53Z,friskyfraggle,,12,0,BA3DA08C870F38ED6751096CB9C7E754052794AA,,2012-09-04T12:30:38Z
