Filename,Size,Unit
Robin hood.mpg,792.06,M
