User Type,Username,Date,Text
,xxxemmy,2006-12-30T23:16Z,thanks
,TheFreshestKid,2006-12-31T01:15Z,"Funny how someone wrote ""thanks"" and noone has downloaded - "
