Filename,Size,Unit
[anti-hero] Troy Denning - Star Wars (The Swarm War).rar,169.41,M
