Filename,Size,Unit
Lee Evans Live - Different Planet Tour 96 (DomZ & Kitch).avi,700.01,M
