Title,Type,Files,Size,IMDB,Spoken Languages,Texted Languages,Tags,Quality (+),Quality (-),Uploaded,By,User Type,Seeders,Leechers,Info Hash,Picture,Capture Date
The Rhythmk Chant,101,1,3.06 MiB (3209135 Bytes),,,,,0,0,2007-12-05T01:37:02Z,thtndnguy,,0,0,258FD346FC22862BB4CCE649391FC3F72F95D2F9,,2012-08-27T04:20:26Z
