Filename,Size,Unit
/Resident Evil Extinction[2007]DvDrip[Eng]-FXG.avi,700.07,M
