Filename,Size,Unit
/Microsoft Office 2007 Enterprise Keygen.exe,231.5,K
/Microsoft Office 2007 Enterprise.iso,559.65,M
