Title,Type,Files,Size,IMDB,Spoken Languages,Texted Languages,Tags,Quality (+),Quality (-),Uploaded,By,User Type,Seeders,Leechers,Info Hash,Picture,Capture Date
Neuroticfish-Gelb-Promo-2CD-Limited Edition-2005-FWYH,101,19,97.16 MiB (101880356 Bytes),,,,,0,0,2005-01-16T08:21:01Z,Sakura-san,,4,0,111BC5BC4BBE92046EE658B74D31AA19C456EBF9,,2012-09-14T08:31:44Z
