Filename,Size,Unit
/Action.mp3,7.45,M
/Air_Prelude.mp3,6.51,M
/AmbienceOutburst-Unleashed.mp3,5.61,M
/Babylon.mp3,9.74,M
/Earth Prelude.mp3,4.37,M
/Fantastic_A-256.mp3,9.12,M
/Fantastic_B1-256.mp3,8.12,M
/Immolation.mp3,3.3,M
/sneak-n-get-caught.mp3,2,M
/Stratosphere.mp3,1.91,M
/We Got Trouble.mp3,10.73,M
