Title,Type,Files,Size,IMDB,Spoken Languages,Texted Languages,Tags,Quality (+),Quality (-),Uploaded,By,User Type,Seeders,Leechers,Info Hash,Picture,Capture Date
Monica Sweetheart - French Maid,506,2,47.4 MiB (49701030 Bytes),,English,,,0,0,2006-02-18T19:55:57Z,soulassassin_010,,1,1,B77C177C0A9EB90A4498C9EE86C8D3220FCDB25C,,2012-09-07T13:16:12Z
