User Type,Username,Date,Text
,shoggoth,2006-12-08T09:38Z,Super nice!! Thx!!
[V],Skystone,2006-12-09T01:06Z,"Thanks:D I Fucking love this show!!!!

Keep upp loading :) :P"
,Sleazy-T,2006-12-09T02:44Z,Niiiiiiice!
,snufsy,2006-12-14T18:17Z,Mohahahaha..fett kul avsnitt:D
