Filename,Size,Unit
Bruce Almighty.avi,699.36,M
