Filename,Size,Unit
/Attack-Ooa hela natten.mp3,9.53,M
/Black Ingvars-Blue Hawaii.mp3,7.33,M
/Boppers-Under The Boardwalk.mp3,8.02,M
/Eddie Meduza-Evert.mp3,7.96,M
/Eddie Meduza-Raggarn.mp3,6.16,M
/Eddie Meduza-Rollin' Down.mp3,10.32,M
"/Flintstens med stanley-SÃ¤g Inte Nej, SÃ¤g Kanske.mp3",6.03,M
/Highway Stars-Leader of the Gang.mp3,8.16,M
/Janne Lucas-Bonnie Bee.mp3,5.38,M
/Jerry Williams-Did I Tell You.mp3,9.39,M
/Jerry Williams-WhoÂ´s Gonna Follow You Home.mp3,7.57,M
/Kenneth & The Knutters-Ge mig en Ã¶l.mp3,8.39,M
/Kjell HÃ¶glund-En stor stark.mp3,9.04,M
/KopparbÃ¤rs rock OrrE.nfo,862,B
/Little Gert-Diggety Doggety.mp3,4.73,M
/Ola & the Janglers-LetÂ´s Dance.mp3,5.65,M
/Rockfolket-Hey Baberiba.mp3,7.32,M
/Ronny & Ragge (Leffe & Ãke-DeÂ´eÂ´sommar.mp3,9.09,M
/Ronny & Ragge-Rara SÃ¶ta Anna.mp3,9.54,M
/Snowstorm-Sommarnatt.mp3,8.8,M
/Stefan & Krister-BlÃ¤nda av till halvljus (Living Next Door To Alice).mp3,7.58,M
/Svenne Rubins-En Gammal Amazon.mp3,7.82,M
/Svenne Rubins-FolkÃ¶l och dunkadunka.mp3,8.05,M
