Filename,Size,Unit
/Mookie Blaylock Demo/01 Even Flow.mp3,5.85,M
/Mookie Blaylock Demo/02 Once.mp3,3.71,M
/Mookie Blaylock Demo/03 Breath.mp3,6.67,M
/Mookie Blaylock Demo/04 Release.mp3,5.91,M
/Mookie Blaylock Demo/05 Girl.mp3,4.48,M
/Mookie Blaylock Demo/06 Alive.mp3,6.64,M
/Mookie Blaylock Demo/07 Goat.mp3,1.92,M
/Mookie Blaylock Demo/08 Alone.mp3,3.14,M
/Pearl Jam Early Demos/01 Even Flow.mp3,9.17,M
/Pearl Jam Early Demos/02 Once.mp3,5.84,M
/Pearl Jam Early Demos/03 Breath.mp3,10.63,M
/Pearl Jam Early Demos/04 Release.mp3,9.22,M
/Pearl Jam Early Demos/07 Alive.mp3,10.34,M
/Pearl Jam Early Demos/08 Alone.mp3,6.01,M
/Pearl Jam Early Demos/09 Oceans.mp3,5.09,M
/Pearl Jam Early Demos/10 Black.mp3,9.57,M
/Pearl Jam Early Demos/11 improv.mp3,5.76,M
/Pearl Jam Early Demos/12 Weird A.mp3,1.94,M
"/Pearl Jam Early Demos/13 Daddy Could Swear, I Declare.mp3",8.3,M
/Ten (rough mixes)/01 Once.mp3,3.67,M
/Ten (rough mixes)/02 Why Go.mp3,3.79,M
/Ten (rough mixes)/03 Even Flow.mp3,5.58,M
/Ten (rough mixes)/04 Garden.mp3,6.14,M
/Ten (rough mixes)/05 Black.mp3,6.65,M
/Ten (rough mixes)/06 Oceans.mp3,3.08,M
/Ten (rough mixes)/07 Release.mp3,5,M
/Ten (rough mixes)/08 Brother.mp3,4.82,M
/Ten (rough mixes)/09 Porch.mp3,3.91,M
/Ten (rough mixes)/10 Jeremy.mp3,6.04,M
/Ten (rough mixes)/11 Breath.mp3,6.43,M
/Ten (rough mixes)/12 Deep.mp3,4.75,M
/Ten (rough mixes)/13 Alone.mp3,4.01,M
/Ten (rough mixes)/14 Alive.mp3,6.37,M
/Ten (rough mixes)/15 Wash.mp3,3.97,M
/Ten (rough mixes)/16 I've Got a Feeling.mp3,4.07,M
/Unplugged/01 Oceans.mp3,3.13,M
/Unplugged/02 State of Love and Trust.mp3,5.34,M
/Unplugged/03 Alive.mp3,5.19,M
/Unplugged/04 Black.mp3,6.87,M
/Unplugged/05 Jeremy.mp3,5.45,M
/Unplugged/06 Porch.mp3,7.27,M
/Unplugged/07 Even Flow.mp3,5.85,M
/Unplugged/08 Rockin in the Free World.mp3,4.81,M
/Unplugged Sound Check/01_oceans.mp3,4.37,M
/Unplugged Sound Check/02_tuning_up.mp3,7.16,M
/Unplugged Sound Check/03_solat.mp3,6.38,M
/Unplugged Sound Check/04_alive.mp3,7.19,M
/Unplugged Sound Check/05_black.mp3,7.04,M
/Unplugged Sound Check/06_more_tuning.mp3,8.07,M
/Unplugged Sound Check/07_jeremy.mp3,7.22,M
/Unplugged Sound Check/08_still_more_tuning.mp3,1.31,M
/Unplugged Sound Check/09_porch.mp3,5.6,M
/Unplugged Sound Check/10_finishing_up.mp3,1.51,M
