Filename,Size,Unit
Live_And_Let_Die.m4v,1.41,G
