Title,Type,Files,Size,IMDB,Spoken Languages,Texted Languages,Tags,Quality (+),Quality (-),Uploaded,By,User Type,Seeders,Leechers,Info Hash,Picture,Capture Date
DVD - Eagles - Hell Freezes Over,203,1,4.36 GiB (4681437184 Bytes),,,,,0,0,2005-01-21T13:05:48Z,Flyingfreex,,1,0,F472EB1B1785255D5C49AD0334C6D99724CEBC0D,,2012-09-14T07:23:43Z
