Filename,Size,Unit
/*** BURNME ***.dmg,30.18,M
/*** README ***.bf,3.31,K
