User Type,Username,Date,Text
,candyrenz,2008-12-25T10:45Z,aw how can we upload this album
,candyrenz,2008-12-25T10:45Z,hey plz reply..can yoy send me link..for downloading this album
,candyrenz,2008-12-25T10:46Z,"plzzzzzzzzzzzzzzz

i wan to download this albumm..."
,candyrenz,2008-12-27T18:07Z,"plzzzzzzzzzzzzzzzzzzzzzzzzzzzzz


more seedssss"
,lord_68,2009-07-19T13:26Z,seeeeeed please!!! people!!!!!
,aniv123,2010-09-26T12:56Z,seed please. seeeeeeeeeeedddddddd!
