Filename,Size,Unit
/301.jpg,304.08,K
/302.jpg,62.71,K
/303.jpg,400.39,K
/304.jpg,109.24,K
/305.jpg,124.73,K
/306.jpg,99.15,K
/307.jpg,242.4,K
/308.jpg,145.43,K
/309.jpg,200.84,K
/310.jpg,319.4,K
/311.jpg,240.31,K
/312.jpg,241.4,K
/313.jpg,132.01,K
/314.jpg,771.79,K
/315.jpg,20.83,K
/316.jpg,12.38,K
/317.jpg,11.55,K
/318.jpg,12.58,K
/319.jpg,19.44,K
/320.jpg,13.05,K
/321.jpg,17.15,K
/322.jpg,26.16,K
/323.jpg,13.31,K
/324.jpg,24.69,K
/325.jpg,15.43,K
