Title,Type,Files,Size,IMDB,Spoken Languages,Texted Languages,Tags,Quality (+),Quality (-),Uploaded,By,User Type,Seeders,Leechers,Info Hash,Picture,Capture Date
Jackie Chan - My Stunts [RUS],201,1,699.85 MiB (733845504 Bytes),,Russian,English,,0,0,2007-08-15T12:38:55Z,Lirx3m,,0,0,21E76B35980C05711BA9758BC86E4B673201F45D,,2012-08-30T01:26:27Z
