User Type,Username,Date,Text
,e6w6e6,2007-01-18T23:23Z,"lysande, TACK!"
,Crowshit,2007-04-05T15:56Z,Seed??
,Crowshit,2007-04-05T17:46Z,Thank you very much.
,shanus8888,2007-06-16T10:04Z,please seed//...?>??
