Title,Type,Files,Size,IMDB,Spoken Languages,Texted Languages,Tags,Quality (+),Quality (-),Uploaded,By,User Type,Seeders,Leechers,Info Hash,Picture,Capture Date
Sparklehorse - It`s A Wonderful Life,101,13,113.44 MiB (118947281 Bytes),,,,,0,0,2007-01-24T04:43:37Z,tittyboof,,1,7,8B94EB59AD992D2327ABDE5A3AE1B5740AB9284D,,2012-09-04T00:31:57Z
