User Type,Username,Date,Text
,tatemus,2005-01-31T17:07Z,kiitoksia lenita:-D
,puuhapete,2005-02-01T22:30Z,Kiitoksia!
,Oblion,2008-01-22T07:23Z,Can Someone Seed please?
