Title,Type,Files,Size,IMDB,Spoken Languages,Texted Languages,Tags,Quality (+),Quality (-),Uploaded,By,User Type,Seeders,Leechers,Info Hash,Picture,Capture Date
FS2004 - Simmer's Sky - Japanese Airports Vol. 4,401,2,200.54 MiB (210285673 Bytes),,,,,0,0,2007-06-12T20:55:13Z,4X-AXG,,1,0,7E742404E0C71165FF85786ADC022F6F5EE08231,,2012-08-31T17:49:09Z
