Filename,Size,Unit
Depeche Mode - Master And Servant.avi,31.91,M
