User Type,Username,Date,Text
,marmour,2007-12-26T22:02Z,Anyone got S03e07?
