Filename,Size,Unit
Pete Seeger & Arlo Guthrie - Union Maid (1988).mpg,27.24,M
