Filename,Size,Unit
/echos-aap8.nfo,4.47,K
/echos-aap8.r00,47.68,M
/echos-aap8.r01,47.68,M
/echos-aap8.r02,47.68,M
/echos-aap8.r03,47.68,M
/echos-aap8.r04,47.68,M
/echos-aap8.r05,47.68,M
/echos-aap8.r06,34.9,M
/echos-aap8.rar,47.68,M
/echos-aap8.sfv,304,B
