Title,Type,Files,Size,IMDB,Spoken Languages,Texted Languages,Tags,Quality (+),Quality (-),Uploaded,By,User Type,Seeders,Leechers,Info Hash,Picture,Capture Date
Monk.S05E12.DSR.XviD-ORENJi,205,21,347.73 MiB (364619239 Bytes),,English,,,0,0,2007-01-27T10:59:45Z,kollll,,0,0,BAY.SE/3604667/MONK.S05E12.DSR.XVID-OREN,,2012-09-03T23:33:31Z
