Filename,Size,Unit
Nero 6.6.0.8a (full).rar,76.74,M
