Filename,Size,Unit
/Indica - Aaltojen takaa.mp3,6.58,M
/Indica - Helmet.mp3,6.34,M
/indica - ihmisen lento.mp3,5.59,M
/Indica - IkÃ¤vÃ¤nkantaja.mp3,6.41,M
/Indica - lauluja paratiisista.mp3,4.85,M
/Indica - Linnansa Vanki.mp3,5.73,M
/Indica - MykkÃ¤.mp3,4.14,M
/indica - niin tuleni teen.mp3,6.1,M
/Indica - Nukkuu Kedolla.mp3,5.49,M
/Indica - Onnen kartano.mp3,5.16,M
/Indica - Pahan Tarha.mp3,6.8,M
/Indica - Saalistaja.mp3,6.06,M
/indica - surusilmÃ¤.mp3,7.72,M
/Indica - Ulkona.mp3,6.5,M
/Indica - Unten Laiva.mp3,5.76,M
/Indica - Valehtelen.mp3,6.6,M
/Indica - Viimeinen JyvÃ¤.mp3,4.69,M
/Indica - Vuorien Taa.mp3,4.65,M
/Indica - ÃÃ¤net.mp3,4.38,M
