Filename,Size,Unit
Lisa Miskovsky - Mary (Live Världens Barn 2006).avi,35.76,M
