Title,Type,Files,Size,IMDB,Spoken Languages,Texted Languages,Tags,Quality (+),Quality (-),Uploaded,By,User Type,Seeders,Leechers,Info Hash,Picture,Capture Date
Per Gessle - Kung av sand - En liten samling 1983 - 2007,101,3,80.7 MiB (84620925 Bytes),,,,,0,0,2007-12-21T18:54:23Z,Robin_Hood,,0,2,CF9EE9F38F2CBFF115152FEEADC16C625BD52502,,2012-08-26T04:15:55Z
