Title,Type,Files,Size,IMDB,Spoken Languages,Texted Languages,Tags,Quality (+),Quality (-),Uploaded,By,User Type,Seeders,Leechers,Info Hash,Picture,Capture Date
Window Blinds 6.0 Enhanced Edition,301,1,15.2 MiB (15941297 Bytes),,,,,0,4,2007-11-20T19:08:55Z,mt_dew,[T],0,1,D26795C1B9DFE89037488C020E53B7F4BDD0E412,,2012-08-27T13:05:31Z
