Filename,Size,Unit
"Lesbian - Sapphic Erotica - Stella, Andi, Vicki And Sam.wmv",261.36,M
