Filename,Size,Unit
naviguide_PDA&PC.rar,519.34,M
