Filename,Size,Unit
/PINK FL0YD-THE PROS & CONS OF HITCHHIKING/01 - Signs Of Life.mp3,2.57,M
/PINK FL0YD-THE PROS & CONS OF HITCHHIKING/02 - Learning To Fly.mp3,2.7,M
/PINK FL0YD-THE PROS & CONS OF HITCHHIKING/03 - The Dogs Of War.mp3,1.89,M
/PINK FL0YD-THE PROS & CONS OF HITCHHIKING/04 - One Slip.mp3,2.2,M
/PINK FL0YD-THE PROS & CONS OF HITCHHIKING/05 - On The Turning Away.mp3,3.86,M
/PINK FL0YD-THE PROS & CONS OF HITCHHIKING/06 - Shotgun Blues .mp3,3.86,M
/PINK FL0YD-THE PROS & CONS OF HITCHHIKING/06 - Yet Another Movie - Round And Round.mp3,2.51,M
/PINK FL0YD-THE PROS & CONS OF HITCHHIKING/07 - A New Machine - Part 1.mp3,5.43,M
/PINK FL0YD-THE PROS & CONS OF HITCHHIKING/07 - Breakdown .mp3,1.19,M
/PINK FL0YD-THE PROS & CONS OF HITCHHIKING/08 - Terminal Frost.mp3,1.5,M
/PINK FL0YD-THE PROS & CONS OF HITCHHIKING/09 - A New Machine - Part 2.mp3,2.46,M
/PINK FL0YD-THE PROS & CONS OF HITCHHIKING/10 - Sorrow.mp3,3.7,M
/PINK FLOYD-ANIMALS/01.Pigs on a wing(1).mp3,1.3,M
/PINK FLOYD-ANIMALS/02. Track 2.mp3,15.69,M
/PINK FLOYD-ANIMALS/03. Track 3.mp3,10.5,M
/PINK FLOYD-ANIMALS/04.Track 4.mp3,9.46,M
/PINK FLOYD-ANIMALS/05.Pigs on a wing(2).mp3,1.31,M
/PINK FLOYD-THE PAST/ 01 - .mp3,2.75,M
/PINK FLOYD-THE PAST/ 02 - .mp3,2.36,M
/PINK FLOYD-THE PAST/ 03 - .mp3,16.43,M
/PINK FLOYD-THE PAST/ 04 - .mp3,4.25,M
/PINK FLOYD-THE PAST/ 05 - .mp3,2.7,M
/PINK FLOYD-THE PAST/ 06 - .mp3,4.62,M
/PINK FLOYD-THE PAST/ 07 - .mp3,4.2,M
/PINK FLOYD-THE PAST/ 08 - .mp3,3.37,M
/PINK FLOYD-THE PAST/ 09 - .mp3,3.39,M
/PINK FLOYD-THE PAST/ 10 - .mp3,2.77,M
/PINK FLOYD-THE PAST/ 11 - .mp3,3.62,M
/PINK FLOYD-THE PAST/ 12 - .mp3,7.79,M
/PINK FLOYD-THE PAST/ 13 - .mp3,2.41,M
/PINK FLOYD-THE PAST/ 14 - .mp3,2.1,M
/PINK FLOYD-THE PAST/ 15 - .mp3,4.52,M
/PINK FLOYD-THE PAST/ 16 - .mp3,1.43,M
/PINK FLOYD-THE PAST/ 17 - .mp3,2.85,M
/PINK FLOYD-THE PAST/ 18 - .mp3,3.44,M
/PINK FLOYD-THE PAST/ 19 - .mp3,2.32,M
/PINK FLOYD-THE PAST/ 20 - .mp3,3.7,M
/PINK FLOYD-THE PAST/ 21 - .mp3,4.37,M
/PINK FLOYD-THE PAST/ 22 - .mp3,8.2,M
/PINK FLOYD-THE PAST/ 23 - .mp3,2.44,M
/PINK FLOYD-THE PAST/ 24 - .mp3,3.65,M
/PINK FLOYD-THE WALL CD 1/01. Track 1.mp3,3.03,M
/PINK FLOYD-THE WALL CD 1/02. Track 2.mp3,2.27,M
/PINK FLOYD-THE WALL CD 1/03. Track 3.mp3,3.38,M
/PINK FLOYD-THE WALL CD 1/04. Track 4.mp3,1.24,M
/PINK FLOYD-THE WALL CD 1/05. Track 5.mp3,3.61,M
/PINK FLOYD-THE WALL CD 1/06. Track 6.mp3,5.08,M
/PINK FLOYD-THE WALL CD 1/07. Track 7.mp3,2.57,M
/PINK FLOYD-THE WALL CD 1/08. Track 8.mp3,5.14,M
/PINK FLOYD-THE WALL CD 1/09. Track 9.mp3,1.88,M
/PINK FLOYD-THE WALL CD 1/10. Track 10.mp3,1.43,M
/PINK FLOYD-THE WALL CD 1/11. Track 11.mp3,4.01,M
/PINK FLOYD-THE WALL CD 1/12. Track 12.mp3,1.18,M
/PINK FLOYD-THE WALL CD 1/13. Track 13.mp3,1007.59,K
/PINK FLOYD-THE WALL CD2/01. Track 1.mp3,4.29,M
/PINK FLOYD-THE WALL CD2/02. Track 2.mp3,2.45,M
/PINK FLOYD-THE WALL CD2/03. Track 3.mp3,3.13,M
/PINK FLOYD-THE WALL CD2/04. Track 4.mp3,1.54,M
/PINK FLOYD-THE WALL CD2/05. Track 5.mp3,796.96,K
/PINK FLOYD-THE WALL CD2/06. Track 6.mp3,6.25,M
/PINK FLOYD-THE WALL CD2/07. Track 7.mp3,1.48,M
/PINK FLOYD-THE WALL CD2/08. Track 8.mp3,3.92,M
/PINK FLOYD-THE WALL CD2/09. Track 9.mp3,4.01,M
/PINK FLOYD-THE WALL CD2/10. Track 10.mp3,3.61,M
/PINK FLOYD-THE WALL CD2/11. Track 11.mp3,547.57,K
/PINK FLOYD-THE WALL CD2/12. Track 12.mp3,4.83,M
/Pink Floyd - Dark Side of the moon/01. Breathe.mp3,3.67,M
/Pink Floyd - Dark Side of the moon/02. Speak 2 Me.mp3,3.25,M
/Pink Floyd - Dark Side of the moon/03. On the run.mp3,6.51,M
/Pink Floyd - Dark Side of the moon/04. Time.mp3,4.33,M
/Pink Floyd - Dark Side of the moon/05. The great gig in the sky.mp3,5.98,M
/Pink Floyd - Dark Side of the moon/06. Money.mp3,7.03,M
/Pink Floyd - Dark Side of the moon/07. Us and them.mp3,3.14,M
/Pink Floyd - Dark Side of the moon/08. Brain Damage.mp3,3.52,M
/Pink Floyd - Dark Side of the moon/09. Eclipse.mp3,1.9,M
/Pink Floyd - Delicate Sound Of Thunder/CD1/Pink Floyd - Delicate Sound Of Thunder CD1.cue,817,B
/Pink Floyd - Delicate Sound Of Thunder/CD1/Pink Floyd - Delicate Sound Of Thunder CD1.mp3,86.65,M
/Pink Floyd - Delicate Sound Of Thunder/CD2/Pink Floyd - Delicate Sound Of Thunder CD2.cue,902,B
/Pink Floyd - Delicate Sound Of Thunder/CD2/Pink Floyd - Delicate Sound Of Thunder CD2.mp3,98.16,M
/Pink Floyd - Delicate Sound Of Thunder/Delicate Sound Of Thunder.m3u,104,B
/Pink Floyd - Echoes [Best of][2001]/Pink Floyd - 2001 - Echoes - The Best Of Pink Floyd (CD 1)/01 Pink Floyd - Astronomy Domine.mp3,5.73,M
/Pink Floyd - Echoes [Best of][2001]/Pink Floyd - 2001 - Echoes - The Best Of Pink Floyd (CD 1)/02 Pink Floyd - See Emily Play.mp3,3.83,M
/Pink Floyd - Echoes [Best of][2001]/Pink Floyd - 2001 - Echoes - The Best Of Pink Floyd (CD 1)/03 Pink Floyd - The Happiest Days Of Our Lives.mp3,2.25,M
/Pink Floyd - Echoes [Best of][2001]/Pink Floyd - 2001 - Echoes - The Best Of Pink Floyd (CD 1)/04 Pink Floyd - Another Brick In The Wall (Part 2).mp3,5.52,M
/Pink Floyd - Echoes [Best of][2001]/Pink Floyd - 2001 - Echoes - The Best Of Pink Floyd (CD 1)/05 Pink Floyd - Echoes.mp3,22.68,M
/Pink Floyd - Echoes [Best of][2001]/Pink Floyd - 2001 - Echoes - The Best Of Pink Floyd (CD 1)/06 Pink Floyd - Hey You.mp3,6.41,M
/Pink Floyd - Echoes [Best of][2001]/Pink Floyd - 2001 - Echoes - The Best Of Pink Floyd (CD 1)/07 Pink Floyd - Marooned.mp3,2.82,M
/Pink Floyd - Echoes [Best of][2001]/Pink Floyd - 2001 - Echoes - The Best Of Pink Floyd (CD 1)/08 Pink Floyd - The Great Gig In The Sky.mp3,6.41,M
/Pink Floyd - Echoes [Best of][2001]/Pink Floyd - 2001 - Echoes - The Best Of Pink Floyd (CD 1)/09 Pink Floyd - Set The Controls For The Heart Of The Sun.mp3,7.33,M
/Pink Floyd - Echoes [Best of][2001]/Pink Floyd - 2001 - Echoes - The Best Of Pink Floyd (CD 1)/10 Pink Floyd - Money.mp3,8.92,M
/Pink Floyd - Echoes [Best of][2001]/Pink Floyd - 2001 - Echoes - The Best Of Pink Floyd (CD 1)/11 Pink Floyd - Keep Talking.mp3,8.19,M
/Pink Floyd - Echoes [Best of][2001]/Pink Floyd - 2001 - Echoes - The Best Of Pink Floyd (CD 1)/12 Pink Floyd - Sheep.mp3,13.43,M
/Pink Floyd - Echoes [Best of][2001]/Pink Floyd - 2001 - Echoes - The Best Of Pink Floyd (CD 1)/13 Pink Floyd - Sorrow.mp3,12.03,M
/Pink Floyd - Echoes [Best of][2001]/Pink Floyd - 2001 - Echoes - The Best Of Pink Floyd (CD 2)/01 Pink Floyd - Shine On You Crazy Diamond (Parts 1-7).mp3,24.09,M
/Pink Floyd - Echoes [Best of][2001]/Pink Floyd - 2001 - Echoes - The Best Of Pink Floyd (CD 2)/02 Pink Floyd - Time.mp3,9.35,M
/Pink Floyd - Echoes [Best of][2001]/Pink Floyd - 2001 - Echoes - The Best Of Pink Floyd (CD 2)/03 Pink Floyd - The Fletcher Memorial Home.mp3,5.66,M
/Pink Floyd - Echoes [Best of][2001]/Pink Floyd - 2001 - Echoes - The Best Of Pink Floyd (CD 2)/04 Pink Floyd - Comfortably Numb.mp3,9.47,M
/Pink Floyd - Echoes [Best of][2001]/Pink Floyd - 2001 - Echoes - The Best Of Pink Floyd (CD 2)/05 Pink Floyd - When The Tigers Broke Free.mp3,5.1,M
/Pink Floyd - Echoes [Best of][2001]/Pink Floyd - 2001 - Echoes - The Best Of Pink Floyd (CD 2)/06 Pink Floyd - One Of These Days.mp3,7.21,M
/Pink Floyd - Echoes [Best of][2001]/Pink Floyd - 2001 - Echoes - The Best Of Pink Floyd (CD 2)/07 Pink Floyd - Us And Them.mp3,10.78,M
/Pink Floyd - Echoes [Best of][2001]/Pink Floyd - 2001 - Echoes - The Best Of Pink Floyd (CD 2)/08 Pink Floyd - Learning To Fly.mp3,6.66,M
/Pink Floyd - Echoes [Best of][2001]/Pink Floyd - 2001 - Echoes - The Best Of Pink Floyd (CD 2)/09 Pink Floyd - Arnold Layne.mp3,3.96,M
/Pink Floyd - Echoes [Best of][2001]/Pink Floyd - 2001 - Echoes - The Best Of Pink Floyd (CD 2)/10 Pink Floyd - Wish You Were Here.mp3,7.35,M
/Pink Floyd - Echoes [Best of][2001]/Pink Floyd - 2001 - Echoes - The Best Of Pink Floyd (CD 2)/11 Pink Floyd - Jugband Blues.mp3,4.04,M
/Pink Floyd - Echoes [Best of][2001]/Pink Floyd - 2001 - Echoes - The Best Of Pink Floyd (CD 2)/12 Pink Floyd - High Hopes.mp3,9.61,M
/Pink Floyd - Echoes [Best of][2001]/Pink Floyd - 2001 - Echoes - The Best Of Pink Floyd (CD 2)/13 Pink Floyd - Bike.mp3,4.68,M
/Pink Floyd - Wish You Were Here/01. Shine on you crazy diamond(part 1).mp3,18.56,M
/Pink Floyd - Wish You Were Here/02. Welcome to the machine.mp3,10.23,M
/Pink Floyd - Wish You Were Here/03. Have a cigar.mp3,7.05,M
/Pink Floyd - Wish You Were Here/04. Wish you were here.mp3,7.79,M
/Pink Floyd - Wish You Were Here/05. Shine on you crazy diamond(part 2).mp3,17,M
/Pink Floyd-A Saucer full of Secrets/01.mp3,4.45,M
/Pink Floyd-A Saucer full of Secrets/02.mp3,3.59,M
/Pink Floyd-A Saucer full of Secrets/03.mp3,4.32,M
/Pink Floyd-A Saucer full of Secrets/04.mp3,3.31,M
/Pink Floyd-A Saucer full of Secrets/05.mp3,9.5,M
/Pink Floyd-A Saucer full of Secrets/06.mp3,3.64,M
/Pink Floyd-A Saucer full of Secrets/07.mp3,2.37,M
/Pink Floyd-Atom Heart Mother/01.mp3,18.91,M
/Pink Floyd-Atom Heart Mother/02.mp3,3.59,M
/Pink Floyd-Atom Heart Mother/03.mp3,4.37,M
/Pink Floyd-Atom Heart Mother/04.mp3,4.24,M
/Pink Floyd-Atom Heart Mother/05.mp3,10.36,M
/Pink Floyd-Pulse/01.mp3,12.48,M
/Pink Floyd-Pulse/02.mp3,3.93,M
/Pink Floyd-Pulse/03.mp3,3.8,M
/Pink Floyd-Pulse/04.mp3,4.81,M
/Pink Floyd-Pulse/05.mp3,6.32,M
/Pink Floyd-Pulse/06.mp3,6.35,M
/Pink Floyd-Pulse/07.mp3,4.27,M
/Pink Floyd-Pulse/08.mp3,4.14,M
/Pink Floyd-Pulse/09.mp3,6.87,M
/Pink Floyd-Pulse/10.mp3,7.24,M
/Pink Floyd-Pulse/11.mp3,3.6,M
/Pink Floyd-Pulse/12.mp3,2.28,M
/Pink Floyd-Pulse/13.mp3,2.34,M
/Pink Floyd-Pulse/14.mp3,3.47,M
/Pink Floyd-Pulse/15.mp3,6.2,M
/Pink Floyd-Pulse/16.mp3,5.36,M
/Pink Floyd-Pulse/17.mp3,8.15,M
/Pink Floyd-Pulse/18.mp3,6.38,M
/Pink Floyd-Pulse/19.mp3,3.06,M
/Pink Floyd-Pulse/20.mp3,3.44,M
/Pink Floyd-Pulse/21.mp3,2.41,M
/Pink Floyd-Pulse/22.mp3,6.02,M
/Pink Floyd-Pulse/23.mp3,6.24,M
/Pink Floyd-Pulse/24.mp3,4,M
/Pink Floyd-Works/01.mp3,5.49,M
/Pink Floyd-Works/02.mp3,2.65,M
/Pink Floyd-Works/03.mp3,5.16,M
/Pink Floyd-Works/04.mp3,3.41,M
/Pink Floyd-Works/05.mp3,1.9,M
/Pink Floyd-Works/06.mp3,4.92,M
/Pink Floyd-Works/07.mp3,2.54,M
/Pink Floyd-Works/08.mp3,4.27,M
/Pink Floyd-Works/09.mp3,3.8,M
/Pink Floyd-Works/10.mp3,4.3,M
/Pink floyd - Meddle/01. Track 1.mp3,8.21,M
/Pink floyd - Meddle/02. Track 2.mp3,7.12,M
/Pink floyd - Meddle/03. Track 3.mp3,8.45,M
/Pink floyd - Meddle/04. Track 4.mp3,5.14,M
/Pink floyd - Meddle/05. Track 5.mp3,3.13,M
/Pink floyd - Meddle/06. Track 6.mp3,32.3,M
/Pink floyd-A momentary lapse of reason/01. Track 1.mp3,4.03,M
/Pink floyd-A momentary lapse of reason/02.learning to fly.mp3,4.48,M
/Pink floyd-A momentary lapse of reason/03.Dogs of war.mp3,5.58,M
/Pink floyd-A momentary lapse of reason/04.One slip.mp3,4.74,M
/Pink floyd-A momentary lapse of reason/05.On the turning away.mp3,5.23,M
/Pink floyd-A momentary lapse of reason/06. Track 6.mp3,6.84,M
/Pink floyd-A momentary lapse of reason/07. Track 7.mp3,1.63,M
/Pink floyd-A momentary lapse of reason/08. Track 8.mp3,5.76,M
/Pink floyd-A momentary lapse of reason/09. Track 9.mp3,606.78,K
/Pink floyd-A momentary lapse of reason/10.Sorrow.mp3,8.04,M
/pink floyd - DIVISION BELL/01. Track 1.mp3,5.48,M
/pink floyd - DIVISION BELL/02.What do you want from me.mp3,3.99,M
/pink floyd - DIVISION BELL/03.Hey you.mp3,6.48,M
/pink floyd - DIVISION BELL/04. Track 4.mp3,5.01,M
/pink floyd - DIVISION BELL/05.A great day for freedom.mp3,3.95,M
/pink floyd - DIVISION BELL/06.Wearing the inside out.mp3,6.24,M
/pink floyd - DIVISION BELL/07.Take it back.mp3,5.68,M
/pink floyd - DIVISION BELL/08.Where were you.mp3,5.79,M
/pink floyd - DIVISION BELL/09.Talking.mp3,5.67,M
/pink floyd - DIVISION BELL/10.High hopes.mp3,4.81,M
/pink floyd - DIVISION BELL/11.Division bell.mp3,7.81,M
/pink floyd - the final cut/01. Track 1.mp3,2.81,M
/pink floyd - the final cut/02. Track 2.mp3,4.01,M
/pink floyd - the final cut/03. Track 3.mp3,1.26,M
/pink floyd - the final cut/04. Track 4.mp3,2.71,M
/pink floyd - the final cut/05. Track 5.mp3,4.67,M
/pink floyd - the final cut/06. Track 6.mp3,3.41,M
/pink floyd - the final cut/07. Track 7.mp3,1.17,M
/pink floyd - the final cut/08. Track 8.mp3,3.85,M
/pink floyd - the final cut/09. Track 9.mp3,1.96,M
/pink floyd - the final cut/10. Track 10.mp3,4.4,M
/pink floyd - the final cut/11. Track 11.mp3,4.61,M
/pink floyd - the final cut/12. Track 12.mp3,4.89,M
/pink floyd-piper at the gates of dawn/01. Track 1.mp3,38.41,M
/pink floyd-ummagumma/01. Track 1.mp3,1.05,M
/pink floyd-ummagumma/02. Track 2.mp3,3.21,M
/pink floyd-ummagumma/03. Track 3.mp3,1.67,M
/pink floyd-ummagumma/04. Track 4.mp3,6.41,M
/pink floyd-ummagumma/05. Track 5.mp3,6.84,M
/pink floyd-ummagumma/06. Track 6.mp3,4.6,M
/pink floyd-ummagumma/07. Track 7.mp3,3.2,M
/pink floyd-ummagumma/08. Track 8.mp3,2.66,M
/pink floyd-ummagumma/09. Track 9.mp3,5.47,M
/pink floyd-ummagumma/10. Track 10.mp3,934.88,K
/pink floyd-ummagumma/11. Track 11.mp3,6.51,M
/pink floyd-ummagumma/12. Track 12.mp3,631.63,K
