Filename,Size,Unit
/msitalia.nfo,4.35,K
/w2k3src.part01.rar,14.31,M
/w2k3src.part02.rar,14.31,M
/w2k3src.part03.rar,14.31,M
/w2k3src.part04.rar,14.31,M
/w2k3src.part05.rar,14.31,M
/w2k3src.part06.rar,14.31,M
/w2k3src.part07.rar,14.31,M
/w2k3src.part08.rar,14.31,M
/w2k3src.part09.rar,14.31,M
/w2k3src.part10.rar,14.31,M
/w2k3src.part11.rar,14.31,M
/w2k3src.part12.rar,14.31,M
/w2k3src.part13.rar,14.31,M
/w2k3src.part14.rar,14.31,M
/w2k3src.part15.rar,14.31,M
/w2k3src.part16.rar,14.31,M
/w2k3src.part17.rar,14.31,M
/w2k3src.part18.rar,14.31,M
/w2k3src.part19.rar,14.31,M
/w2k3src.part20.rar,14.31,M
/w2k3src.part21.rar,14.31,M
/w2k3src.part22.rar,14.31,M
/w2k3src.part23.rar,14.31,M
/w2k3src.part24.rar,14.31,M
/w2k3src.part25.rar,14.31,M
/w2k3src.part26.rar,14.31,M
/w2k3src.part27.rar,14.31,M
/w2k3src.part28.rar,14.31,M
/w2k3src.part29.rar,14.31,M
/w2k3src.part30.rar,14.31,M
/w2k3src.part31.rar,14.31,M
/w2k3src.part32.rar,14.31,M
/w2k3src.part33.rar,14.31,M
/w2k3src.part34.rar,14.31,M
/w2k3src.part35.rar,14.31,M
/w2k3src.part36.rar,14.31,M
/w2k3src.part37.rar,14.31,M
/w2k3src.part38.rar,14.31,M
/w2k3src.part39.rar,14.31,M
/w2k3src.part40.rar,14.31,M
/w2k3src.part41.rar,14.31,M
/w2k3src.part42.rar,14.31,M
/w2k3src.part43.rar,14.31,M
/w2k3src.part44.rar,14.31,M
/w2k3src.part45.rar,14.31,M
/w2k3src.part46.rar,14.31,M
/w2k3src.part47.rar,14.31,M
/w2k3src.part48.rar,14.31,M
/w2k3src.part49.rar,14.31,M
/w2k3src.part50.rar,14.31,M
/w2k3src.part51.rar,14.31,M
/w2k3src.part52.rar,14.31,M
/w2k3src.part53.rar,14.31,M
/w2k3src.part54.rar,14.31,M
/w2k3src.part55.rar,14.31,M
/w2k3src.part56.rar,14.31,M
/w2k3src.part57.rar,14.31,M
/w2k3src.part58.rar,14.31,M
/w2k3src.part59.rar,1.13,M
/w2k3src.sfv,1.79,K
