Filename,Size,Unit
59 Visual Basic Related Books Includes Access Ado Excel Programming Vb.zip,215.47,M
