Title,Type,Files,Size,IMDB,Spoken Languages,Texted Languages,Tags,Quality (+),Quality (-),Uploaded,By,User Type,Seeders,Leechers,Info Hash,Picture,Capture Date
TuneUp 2006+Spolszczenie+Crack.rar,301,1,9.18 MiB (9624904 Bytes),,,,,0,0,2006-02-05T19:42:11Z,Pumex,,0,0,FC8F8569F7BB07A870BC570244C9C6C03F4605EE,,2012-09-07T15:37:30Z
