Title,Type,Files,Size,IMDB,Spoken Languages,Texted Languages,Tags,Quality (+),Quality (-),Uploaded,By,User Type,Seeders,Leechers,Info Hash,Picture,Capture Date
Maltese Falcon - Humphry Bogart,201,1,964.23 MiB (1011068520 Bytes),http://www.imdb.com/title/tt0022111/,English,,,0,0,2007-11-19T23:14:07Z,DogNo7,,2,0,287299FB1B84F2538021F785228B8DB321E359A3,http://image.bayimg.com/nancpaacd.jpg,2012-08-27T13:36:20Z
