Filename,Size,Unit
Melodifestival_del_1.ISO,3,G
