User Type,Username,Date,Text
,Melfenion,2006-09-21T20:17Z,N채sta avsnitt? (:
