User Type,Username,Date,Text
,torentash,2006-09-10T16:54Z,"thanks a lot. hard to find it.

have new headway maybe?"
