User Type,Username,Date,Text
,digger44,2006-01-16T17:13Z,stuck at 99.9 can somebody please seed this? I'd realy like this one...thanks
,digger44,2006-01-17T12:22Z,i burned it anyways at 99.9 ...had some burning issues saying it might not be playable but it plays just fine and anyone who wants to know its either region free or NTSC
,Nangiala_One,2008-01-28T11:13Z,"Psychopink.
U wrote in a comment for torrent: Animal Love that u have more movies of Ulrich Siedl.
Im doing a work on him and have to find more of his movies fast... U think u can help me?

Thx N_1"
,moondoggie56,2010-01-02T12:16Z,i love gfr!!! thanks!
,Abstinent,2010-10-07T16:39Z,"Seed,please!!!!!!!!"
