Title,Type,Files,Size,IMDB,Spoken Languages,Texted Languages,Tags,Quality (+),Quality (-),Uploaded,By,User Type,Seeders,Leechers,Info Hash,Picture,Capture Date
Warblade[English][By Doc Zhivago] rar,401,1,10.33 MiB (10833514 Bytes),,,,,0,0,2005-03-05T20:15:30Z,pctorrent,[T],1,1,9F700F5E5132567417062AF35938718B4FAF9FF7,,2012-09-13T18:42:44Z
