Filename,Size,Unit
/VA - (Series) Disconet Remix Greatest Hits vol.04 Mr/00. VA - (Series) Disconet Remix Greatest Hits vol.04 Mr.md5,715,B
/VA - (Series) Disconet Remix Greatest Hits vol.04 Mr/00. VA - (Series) Disconet Remix Greatest Hits vol.04 Mr.nfo,3.11,K
/VA - (Series) Disconet Remix Greatest Hits vol.04 Mr/01 - Easy Going - Fear Medley (Disconet Remix).mp3,19.61,M
/VA - (Series) Disconet Remix Greatest Hits vol.04 Mr/02 - John Davis & Monster Orchestra - Love Magic (Disconet Remix).mp3,9.92,M
/VA - (Series) Disconet Remix Greatest Hits vol.04 Mr/03 - First Choice - Medley (Disconet Remix Medley)).mp3,26.09,M
/VA - (Series) Disconet Remix Greatest Hits vol.04 Mr/04 - Lee Prentiss - Have I The Right (Disconet Remix).mp3,9.63,M
/VA - (Series) Disconet Remix Greatest Hits vol.04 Mr/05 - Devo - That's Good (Disconet Remix).mp3,7.97,M
/VA - (Series) Disconet Remix Greatest Hits vol.04 Mr/06 - Giorgio Moroder - Machines (Disconet Remix).mp3,9.95,M
/VA - (Series) Disconet Remix Greatest Hits vol.04 Mr/07 - Aurra - Make Up Your Mind (Disconet Remix).mp3,13.49,M
/VA - (Series) Disconet Remix Greatest Hits vol.04 Mr/Disconet Remix G.H. vol.04 back.jpg,189.79,K
/VA - (Series) Disconet Remix Greatest Hits vol.04 Mr/Disconet Remix G.H. vol.04 front.jpg,147.26,K
/VA - (Series) Disconet Remix Greatest Hits vol.05 Mr/00. VA - (Series) Disconet Remix Greatest Hits vol.05 Mr.md5,823,B
/VA - (Series) Disconet Remix Greatest Hits vol.05 Mr/00. VA - (Series) Disconet Remix Greatest Hits vol.05 Mr.nfo,3.27,K
/VA - (Series) Disconet Remix Greatest Hits vol.05 Mr/01 - 1979 Top Tunes Medley (Disconet Remix).mp3,20.73,M
/VA - (Series) Disconet Remix Greatest Hits vol.05 Mr/02 - Bonnie Tyler - Band Of Gold (Disconet Remix).mp3,12.1,M
/VA - (Series) Disconet Remix Greatest Hits vol.05 Mr/03 - Elizabeth Daily - Love In The Shadow (Disconet Remix).mp3,8.86,M
/VA - (Series) Disconet Remix Greatest Hits vol.05 Mr/04 - Poussez - Never Gonna Say Goodbye (Disconet Remix) .mp3,15.06,M
/VA - (Series) Disconet Remix Greatest Hits vol.05 Mr/05 - A Taste of Honey - Boogie Oogie Oogie (Disconet Remix).mp3,10.07,M
/VA - (Series) Disconet Remix Greatest Hits vol.05 Mr/06 - Bounce - Strut Your Tennis Style (Disconet Remix).mp3,12.58,M
/VA - (Series) Disconet Remix Greatest Hits vol.05 Mr/07 - Imagination - Streetmix (Disconet Remix).mp3,7.63,M
/VA - (Series) Disconet Remix Greatest Hits vol.05 Mr/08 - Bohannon - Let's Start The Dance (Disconet Remix).mp3,10.99,M
/VA - (Series) Disconet Remix Greatest Hits vol.05 Mr/1979 Top Tunes Medley.txt,875,B
/VA - (Series) Disconet Remix Greatest Hits vol.05 Mr/Disconet Remix G.H. vol.05 back.jpg,204.17,K
/VA - (Series) Disconet Remix Greatest Hits vol.05 Mr/Disconet Remix G.H. vol.05 front.jpg,147.14,K
