Title,Type,Files,Size,IMDB,Spoken Languages,Texted Languages,Tags,Quality (+),Quality (-),Uploaded,By,User Type,Seeders,Leechers,Info Hash,Picture,Capture Date
psp 3.50 downgrade full package lumines ULES00043 xploit,406,3,1.1 MiB (1155190 Bytes),,,,,0,0,2007-06-30T00:55:26Z,barroni1977,,0,0,B686A2533D07494BFBE22486015B31A4B517B607,,2012-08-31T10:46:03Z
