Filename,Size,Unit
Enur___Natasja-Calabria_2007-XviD-2007-xela86.avi,67.75,M
