User Type,Username,Date,Text
,Lashmush,2007-07-17T04:34Z,yay
