Title,Type,Files,Size,IMDB,Spoken Languages,Texted Languages,Tags,Quality (+),Quality (-),Uploaded,By,User Type,Seeders,Leechers,Info Hash,Picture,Capture Date
Jan Mårtenson Homan 4,102,85,959.97 MiB (1006597444 Bytes),,Swedish,,,0,0,2007-10-18T23:16:45Z,busse1000,,0,1,456B9E558CBAA391454DA1859BC3C3E8E0A3226C,,2012-08-28T13:18:38Z
