Filename,Size,Unit
/RC Cars.7z,453.61,M
/ReadMe.txt,1.25,K
