Filename,Size,Unit
idol.2006.eftersnack.e01.xvid-ts.avi,232.11,M
