Title,Type,Files,Size,IMDB,Spoken Languages,Texted Languages,Tags,Quality (+),Quality (-),Uploaded,By,User Type,Seeders,Leechers,Info Hash,Picture,Capture Date
Beethoven - Famous Sonatas for Piano,101,9,78.1 MiB (81896033 Bytes),,,,,0,0,2005-02-27T08:10:13Z,dr_synth,,1,2,707493D32D233181695953DCC31A0A7C2CC6F38C,,2012-09-13T19:57:40Z
