Title,Type,Files,Size,IMDB,Spoken Languages,Texted Languages,Tags,Quality (+),Quality (-),Uploaded,By,User Type,Seeders,Leechers,Info Hash,Picture,Capture Date
End.of.Days.1999.Soundtrack.[WmC],101,16,74.11 MiB (77708329 Bytes),,,,,1,0,2004-07-05T11:56:43Z,WmC-PL,,6,3,5FA4D29046F37FE209502D9743427BAA5B879CB2,,2012-09-15T11:56:14Z
