Title,Type,Files,Size,IMDB,Spoken Languages,Texted Languages,Tags,Quality (+),Quality (-),Uploaded,By,User Type,Seeders,Leechers,Info Hash,Picture,Capture Date
Roy Orbison ( Five Videos ),203,5,131.97 MiB (138384489 Bytes),,,,,0,0,2007-06-30T23:56:13Z,Kamus2007,,2,0,6BFC8ACDA6E0A7B66F0C10F3755248F323122C96,,2012-08-31T10:20:18Z
