Filename,Size,Unit
/phx-nswp.001,14.31,M
/phx-nswp.002,14.31,M
/phx-nswp.003,14.31,M
/phx-nswp.004,14.31,M
/phx-nswp.005,14.31,M
/phx-nswp.006,14.31,M
/phx-nswp.007,14.31,M
/phx-nswp.008,14.31,M
/phx-nswp.009,14.31,M
/phx-nswp.010,14.31,M
/phx-nswp.011,14.31,M
/phx-nswp.012,14.31,M
/phx-nswp.013,14.31,M
/phx-nswp.014,14.31,M
/phx-nswp.015,14.31,M
/phx-nswp.016,14.31,M
/phx-nswp.017,14.31,M
/phx-nswp.018,14.31,M
/phx-nswp.019,14.31,M
/phx-nswp.020,14.31,M
/phx-nswp.021,14.31,M
/phx-nswp.022,14.31,M
/phx-nswp.023,14.31,M
/phx-nswp.024,14.31,M
/phx-nswp.025,14.31,M
/phx-nswp.026,14.31,M
/phx-nswp.027,14.31,M
/phx-nswp.028,14.31,M
/phx-nswp.029,14.31,M
/phx-nswp.030,6.33,M
/phx-nswp.sfv,747,B
/phxiso.nfo,8.57,K
