Filename,Size,Unit
/NO_NAME.iso,4.33,G
