Filename,Size,Unit
/Osprey - Campaign 182 - Granicus 334 BC. Alexander's first Persian Victory.pdf,60.37,M
/Osprey - Elite 061 - The Guards Divisions 1914-45.pdf,47.39,M
/Osprey - Elite 151 - World War II Jungle Warfare Tactics.pdf,49.49,M
/Osprey - Fortress 058 - Vietnam Firebases 1965-73. American and Australian Forces.pdf,17.6,M
"/Osprey - Fortress 059 - Crusader Castles in Cyprus, Greece and the Aegean 1191-1571.pdf",27.87,M
/Osprey - New Vanguard 136 - Churchill Crocodile Flamethrower.pdf,35.71,M
/Osprey - Warrior 063 - French Revolutionary Infantryman 1791-1802.pdf,46.6,M
/Osprey - Warrior 077 - French Soldier in Egypt 1798-1801.pdf,44.03,M
/Osprey - Warrior 111 - The Hun - Scourge of God AD 375-565 .pdf,45.05,M
/Osprey - Warrior 112 - US Marine Rifleman 1939-45 Pacific Theater.pdf,24.27,M
