Title,Type,Files,Size,IMDB,Spoken Languages,Texted Languages,Tags,Quality (+),Quality (-),Uploaded,By,User Type,Seeders,Leechers,Info Hash,Picture,Capture Date
Lamb.-.Cotton.Wool-DVDRip-Xvid-DxHQ.avi,203,1,44.64 MiB (46811136 Bytes),,,,,0,0,2004-12-14T04:42:57Z,DrixXx,,1,0,73D8B56A873C7E6BA7ED7CAE81A6F69E5AD34E9D,,2012-09-14T14:23:27Z
