Title,Type,Files,Size,IMDB,Spoken Languages,Texted Languages,Tags,Quality (+),Quality (-),Uploaded,By,User Type,Seeders,Leechers,Info Hash,Picture,Capture Date
Herbie.a.Tope.CVCD.TS-Screener.,201,5,785.92 MiB (824095344 Bytes),,Spanish,Spanish,,0,0,2005-07-30T17:55:00Z,limitevcd,,0,0,8AE49C9A0248787DAA26DF52CD87B6234206466A,,2012-09-11T03:07:13Z
