Filename,Size,Unit
/YO GABBA GABBA.part01.rar,95.78,M
/YO GABBA GABBA.part02.rar,95.78,M
/YO GABBA GABBA.part03.rar,95.78,M
/YO GABBA GABBA.part04.rar,95.78,M
/YO GABBA GABBA.part05.rar,95.78,M
/YO GABBA GABBA.part06.rar,95.78,M
/YO GABBA GABBA.part07.rar,95.78,M
/YO GABBA GABBA.part08.rar,95.78,M
/YO GABBA GABBA.part09.rar,95.78,M
/YO GABBA GABBA.part10.rar,95.78,M
/YO GABBA GABBA.part11.rar,95.78,M
/YO GABBA GABBA.part12.rar,95.78,M
/YO GABBA GABBA.part13.rar,95.78,M
/YO GABBA GABBA.part14.rar,95.78,M
/YO GABBA GABBA.part15.rar,95.78,M
/YO GABBA GABBA.part16.rar,95.78,M
/YO GABBA GABBA.part17.rar,95.78,M
/YO GABBA GABBA.part18.rar,95.78,M
/YO GABBA GABBA.part19.rar,95.78,M
/YO GABBA GABBA.part20.rar,95.78,M
/YO GABBA GABBA.part21.rar,95.78,M
/YO GABBA GABBA.part22.rar,95.78,M
/YO GABBA GABBA.part23.rar,95.78,M
/YO GABBA GABBA.part24.rar,95.78,M
/YO GABBA GABBA.part25.rar,95.78,M
/YO GABBA GABBA.part26.rar,95.78,M
/YO GABBA GABBA.part27.rar,95.78,M
/YO GABBA GABBA.part28.rar,95.78,M
/YO GABBA GABBA.part29.rar,95.78,M
/YO GABBA GABBA.part30.rar,95.78,M
/YO GABBA GABBA.part31.rar,95.78,M
/YO GABBA GABBA.part32.rar,95.78,M
/YO GABBA GABBA.part33.rar,58.96,M
/YoGabbaGabba.txt,1.54,K
