Title,Type,Files,Size,IMDB,Spoken Languages,Texted Languages,Tags,Quality (+),Quality (-),Uploaded,By,User Type,Seeders,Leechers,Info Hash,Picture,Capture Date
FTV Girls - Jamie -  Masturbate in bath......FFF,599,1,32.99 MiB (34588884 Bytes),,,,,0,0,2007-03-17T12:03:00Z,FatFuckFrank,[V],0,1,625DE7989D8859A84BAFE456B883B3E7AC088803,,2012-09-03T02:47:48Z
