Title,Type,Files,Size,IMDB,Spoken Languages,Texted Languages,Tags,Quality (+),Quality (-),Uploaded,By,User Type,Seeders,Leechers,Info Hash,Picture,Capture Date
MIKE OLDFIELD-Ommadawn(live in concert at Knebworth festival 198,101,1,19.48 MiB (20428045 Bytes),,,,,0,0,2006-04-02T15:43:50Z,marbela,,0,1,97B93BB9EABAD5FD4DAE812AEB9045C371F8E04E,,2012-09-07T02:28:00Z
