Title,Type,Files,Size,IMDB,Spoken Languages,Texted Languages,Tags,Quality (+),Quality (-),Uploaded,By,User Type,Seeders,Leechers,Info Hash,Picture,Capture Date
cep_fiat,699,1,793.28 MiB (831811681 Bytes),,,,,0,0,2008-01-03T22:22:53Z,ch4p4rr4l,,0,0,B8DA15EC71495E5D7A3D184718737992930CF9EC,,2012-08-25T20:03:09Z
