Title,Type,Files,Size,IMDB,Spoken Languages,Texted Languages,Tags,Quality (+),Quality (-),Uploaded,By,User Type,Seeders,Leechers,Info Hash,Picture,Capture Date
prodigy.their.law,101,15,99.82 MiB (104673280 Bytes),,,,,2,0,2006-07-20T12:23:40Z,liquido.panzer,,1,0,E6D64FF39567D2ECC39B9A57396416B385C74E10,,2012-09-06T05:18:39Z
