Filename,Size,Unit
PremierePro1_5_Tryout_deutsch.rar,158.52,M
