Title,Type,Files,Size,IMDB,Spoken Languages,Texted Languages,Tags,Quality (+),Quality (-),Uploaded,By,User Type,Seeders,Leechers,Info Hash,Picture,Capture Date
Timbaland Nelly Justin Give it to me - Blackbones Holiday mix.mp,101,1,6.68 MiB (7003994 Bytes),,,,,0,0,2007-05-09T14:19:25Z,el biggo,,0,0,C63267918D10342485F06403FEECF255B099ED53,,2012-09-01T22:04:26Z
