Filename,Size,Unit
Alektra Blue & Tory Lane.wmv,104.15,M
