Title,Type,Files,Size,IMDB,Spoken Languages,Texted Languages,Tags,Quality (+),Quality (-),Uploaded,By,User Type,Seeders,Leechers,Info Hash,Picture,Capture Date
hank williams iii_this aint country_,101,10,37.65 MiB (39483146 Bytes),,,,,0,0,2007-12-18T22:01:51Z,l_sig,,4,0,3CCC34EB781FB100E2D7359E9407088F61EC0B59,,2012-08-26T06:01:41Z
