Title,Type,Files,Size,IMDB,Spoken Languages,Texted Languages,Tags,Quality (+),Quality (-),Uploaded,By,User Type,Seeders,Leechers,Info Hash,Picture,Capture Date
ET-QW ot 1c,401,2,5.41 GiB (5809196574 Bytes),,,,,0,0,2007-12-13T00:56:17Z,POSTal6,[T],0,0,B68D26E2BC272E9ACCAA8A1F9B0296021677B66C,,2012-08-26T09:35:17Z
