Filename,Size,Unit
06. Akcent - King Of Disco.mp3,4.59,M
