User Type,Username,Date,Text
,guyguay,2006-03-30T19:26Z,Someboby can post an artwork for this 
,jannek,2006-03-30T22:28Z,"Warning!
This is a lots of MPEG movies with very, very bad quality!"
,roberth,2007-12-28T17:01Z,please seed more.
