Title,Type,Files,Size,IMDB,Spoken Languages,Texted Languages,Tags,Quality (+),Quality (-),Uploaded,By,User Type,Seeders,Leechers,Info Hash,Picture,Capture Date
Discografia Tito Rojas - www.vjhosting.net,101,84,343.52 MiB (360211832 Bytes),,,,,1,0,2006-08-11T23:34:17Z,oswal76,,1,12,557CFDBB806204D42C6ABF52B4F03676182F912F,,2012-09-06T02:16:44Z
