Title,Type,Files,Size,IMDB,Spoken Languages,Texted Languages,Tags,Quality (+),Quality (-),Uploaded,By,User Type,Seeders,Leechers,Info Hash,Picture,Capture Date
2009 Corvette Zr1 20 Wallpapers Hi Res -Legal-Ups,603,3,4.24 MiB (4446832 Bytes),,,,,0,0,2008-01-03T04:12:44Z,LegalTorrents,[T],0,2,83282E736C7A02D78F4CABAAF554FC913E11079E,,2012-08-25T20:35:04Z
