Filename,Size,Unit
Private Party Homemade.mpg,81.94,M
