Title,Type,Files,Size,IMDB,Spoken Languages,Texted Languages,Tags,Quality (+),Quality (-),Uploaded,By,User Type,Seeders,Leechers,Info Hash,Picture,Capture Date
Fisher-Price Little People Storytime Favorites,199,13,55.58 MiB (58277458 Bytes),,,,,0,0,2007-07-19T23:34:11Z,mikl0,,2,1,D999E23E7D89FE9A2EE7651959E0EC5B16C833CF,,2012-08-31T02:27:01Z
