Filename,Size,Unit
/01_corvus_corax-venus_vina_musica.mp3,7.68,M
/02_corvus_corax-sanyogita.mp3,9.05,M
/03_corvus_corax-tuska.mp3,5.01,M
/04_corvus_corax-katrinka.mp3,6.84,M
/05_corvus_corax-tertio.mp3,2.73,M
/06_corvus_corax-bibit_aleum.mp3,8.36,M
/07_corvus_corax-urmawi.mp3,5.58,M
/08_corvus_corax-lamentatio_coelibatus.mp3,8.79,M
/corvus.jpg,25.96,K
