Filename,Size,Unit
/00-va-miami_vice-ost-2006.m3u,615,B
/01-nonpoint-in_the_air_tonight.mp3,7.17,M
/02-moby_feat_patti_labelle-one_of_these_mornings.mp3,6.05,M
/03-mogwai-were_no_here.mp3,9.18,M
/04-nina_simone-sinnerman_(felix_da_housecats_heavenly_house_mix).mp3,5.76,M
/05-mogwai-auto_rock.mp3,6.37,M
/06-manzanita-arranca.mp3,5.5,M
/07-india.arie-ready_for_love.mp3,5.28,M
/08-goldfrapp-strict_machine.mp3,6,M
/09-emilio_estefan-pennies_in_my_pocket.mp3,6.68,M
/10-king_britt-new_world_in_my_view.mp3,7.9,M
/11-blue_foundation-sweep.mp3,15.95,M
/12-moby-anthem.mp3,5.58,M
/13-freaky_chakra-blacklight_fantasy.mp3,7.91,M
/14-john_murphy-mercado_nuevo.mp3,3.74,M
/15-john_murphy-who_are_you.mp3,2.25,M
/16-king_britt_and_tim_motzer-ramblas.mp3,3.21,M
/17-klaus_badelt_and_mark_batson-a-500.mp3,4.29,M
/Leer.txt,45,B
