Filename,Size,Unit
/00-majka_papa_-_az_ozdi_hos-hu-2003-adr.m3u,521,B
/00-majka_papa_-_az_ozdi_hos-(back)-hu-2003-adr.jpg,3.58,M
/13-majka_papa_-_bazdki_parade-adr.mp3,1.11,M
/11-majka_papa_-_mosd_ki_a_szennyest-adr.mp3,2.04,M
/00-majka_papa_-_az_ozdi_hos-(cd)-hu-2003-adr.jpg,3.06,M
/00-majka_papa_-_az_ozdi_hos-(front)-hu-2003-adr.jpg,4.09,M
/00-majka_papa_-_az_ozdi_hos-(inside)-hu-2003-adr.jpg,3.32,M
/02-majka_papa_-_az_ozdi_hos-adr.mp3,6.85,M
/03-majka_papa_-_en_mindig_is_az-adr.mp3,6.45,M
/06-majka_papa_-_ozd_meg_a_nyoc-adr.mp3,7.19,M
/04-majka_papa_-_kiszavazo_show-adr.mp3,6.69,M
/12-majka_papa_-_a_massino_csalad-adr.mp3,7.78,M
/08-majka_papa_-_mer_van_az_hogy_megis_jo-adr.mp3,6.3,M
/00-majka_papa_-_az_ozdi_hos-(outside)-hu-2003-adr.jpg,5.01,M
/01-majka_papa_-_a_nagy_nap_(intro)-adr.mp3,3.2,M
/07-majka_papa_-_a_jatekos-adr.mp3,5.76,M
/10-majka_papa_-_a_fasz_kivan-adr.mp3,5.09,M
/09-majka_papa_-_dolgok-adr.mp3,6.18,M
/05-majka_papa_-_meg_mindig_minden_ugy_van-adr.mp3,7.52,M
