User Type,Username,Date,Text
,loki259,2008-12-06T18:10Z,seed please!!!!!!!!!!!!!!!!!!!!!!!!!!!
,bogca,2010-03-12T19:47Z,seed!!!!!!!!!!!!!!!!! please
,dannyjaya,2011-02-14T09:47Z,SEEED NOW
,raventwilightphoenix,2012-06-04T10:41Z,some 1 please seed ? now i cant find this album any where 
