Filename,Size,Unit
Xbox - RLT - ESPN NBA 2K5.rar,2.67,G
