Filename,Size,Unit
Over there.wma,6.04,M
