Filename,Size,Unit
Lassie Come Home 1943 XivD AC3.avi,1.09,G
