Filename,Size,Unit
jenna.wmv,229.47,M
