Filename,Size,Unit
/BPRTH.part01.rar,34,M
/BPRTH.part02.rar,34,M
/BPRTH.part03.rar,34,M
/BPRTH.part04.rar,34,M
/BPRTH.part05.rar,34,M
/BPRTH.part06.rar,34,M
/BPRTH.part07.rar,34,M
/BPRTH.part08.rar,34,M
/BPRTH.part09.rar,34,M
/BPRTH.part10.rar,34,M
/BPRTH.part11.rar,34,M
/BPRTH.part12.rar,34,M
/BPRTH.part13.rar,34,M
/BPRTH.part14.rar,34,M
/BPRTH.part15.rar,34,M
/BPRTH.part16.rar,34,M
/BPRTH.part17.rar,34,M
/BPRTH.part18.rar,34,M
/BPRTH.part19.rar,34,M
/BPRTH.part20.rar,34,M
/BPRTH.part21.rar,34,M
/BPRTH.part22.rar,34,M
/BPRTH.part23.rar,34,M
/BPRTH.part24.rar,34,M
/BPRTH.part25.rar,34,M
/BPRTH.part26.rar,34,M
/BPRTH.part27.rar,34,M
/BPRTH.part28.rar,34,M
/BPRTH.part29.rar,34,M
/BPRTH.part30.rar,34,M
/BPRTH.part31.rar,34,M
/BPRTH.part32.rar,34,M
/BPRTH.part33.rar,34,M
/BPRTH.part34.rar,34,M
/BPRTH.part35.rar,34,M
/BPRTH.part36.rar,34,M
/BPRTH.part37.rar,34,M
/BPRTH.part38.rar,34,M
/BPRTH.part39.rar,34,M
/BPRTH.part40.rar,34,M
/BPRTH.part41.rar,34,M
/BPRTH.part42.rar,34,M
/BPRTH.part43.rar,34,M
/BPRTH.part44.rar,34,M
/BPRTH.part45.rar,34,M
/BPRTH.part46.rar,34,M
/BPRTH.part47.rar,34,M
/BPRTH.part48.rar,34,M
/BPRTH.part49.rar,34,M
/BPRTH.part50.rar,34,M
/BPRTH.part51.rar,34,M
/BPRTH.part52.rar,34,M
/BPRTH.part53.rar,34,M
/BPRTH.part54.rar,34,M
/BPRTH.part55.rar,34,M
/BPRTH.part56.rar,13.92,M
/dopeman games.url,270,B
/dopeman.nfo,2.94,K
