Title,Type,Files,Size,IMDB,Spoken Languages,Texted Languages,Tags,Quality (+),Quality (-),Uploaded,By,User Type,Seeders,Leechers,Info Hash,Picture,Capture Date
How It's Made Series 7,205,14,2.11 GiB (2265183634 Bytes),,,,,0,0,2007-05-29T12:15:54Z,#digitaltv,,0,1,F1C4AE691DBB3F803818B9E2AD5D66B48BAF02BF,,2012-08-31T23:14:09Z
