Filename,Size,Unit
/cxz-a2k4.nfo,5.96,K
/cxz-a2k4.r00,47.68,M
/cxz-a2k4.r01,47.68,M
/cxz-a2k4.r02,47.68,M
/cxz-a2k4.r03,47.68,M
/cxz-a2k4.r04,47.68,M
/cxz-a2k4.r05,47.68,M
/cxz-a2k4.r06,47.68,M
/cxz-a2k4.r07,47.68,M
/cxz-a2k4.r08,47.68,M
/cxz-a2k4.r09,47.68,M
/cxz-a2k4.r10,47.68,M
/cxz-a2k4.r11,47.68,M
/cxz-a2k4.r12,47.68,M
/cxz-a2k4.r13,47.68,M
/cxz-a2k4.r14,47.68,M
/cxz-a2k4.r15,47.68,M
/cxz-a2k4.r16,47.68,M
/cxz-a2k4.r17,47.68,M
/cxz-a2k4.r18,47.68,M
/cxz-a2k4.r19,47.68,M
/cxz-a2k4.r20,25.91,M
/cxz-a2k4.rar,47.68,M
/cxz-a2k4.sfv,581,B
