Title,Type,Files,Size,IMDB,Spoken Languages,Texted Languages,Tags,Quality (+),Quality (-),Uploaded,By,User Type,Seeders,Leechers,Info Hash,Picture,Capture Date
Seven Soldiers,602,30,325.41 MiB (341221195 Bytes),,,,,1,0,2008-01-22T23:11:35Z,jcrews21,,1,1,0D058C43ECB7052234534E7AF1C18694B439BAE4,,2012-08-25T06:27:06Z
