Filename,Size,Unit
/v113_Full.rar,185.08,M
