Filename,Size,Unit
/4u.jpg,579.29,K
/52.jpg,648.29,K
/AIRPLAY.jpg,223.13,K
/Collab.jpg,339.81,K
/cOnVErtEr.jpg,214.08,K
/Embrace_Me.jpg,407.35,K
/Envision_X.jpg,250.57,K
/FABULOUS.jpg,462.28,K
/hang_on.jpg,902.71,K
/ii.JPG,57.05,K
/JACKPOT.jpg,887.89,K
/Jark_in_a_Jar.jpg,159.8,K
/lmgtp_render.jpg,196.32,K
/More Wallpapers Here.url,82,B
/Quarter_Past_Midnight_Session1.jpg,957.17,K
