Title,Type,Files,Size,IMDB,Spoken Languages,Texted Languages,Tags,Quality (+),Quality (-),Uploaded,By,User Type,Seeders,Leechers,Info Hash,Picture,Capture Date
Archbishop.Wake-Forbidden.Gospels.and.Epistles.[8of9].pdf,601,1,75.08 KiB (76884 Bytes),,,English,,0,0,2005-09-20T13:16:33Z,ratinthewall,,1,0,3F991C56F226005D416B9D81233A0B49F317834B,,2012-09-09T08:30:42Z
