Title,Type,Files,Size,IMDB,Spoken Languages,Texted Languages,Tags,Quality (+),Quality (-),Uploaded,By,User Type,Seeders,Leechers,Info Hash,Picture,Capture Date
WWE.Friday.Night.Smackdown.03.16.07.XviD-KYR,205,41,720.54 MiB (755545048 Bytes),,English,,,0,0,2007-03-17T12:15:57Z,kollll,,0,0,BAY.SE/3640466/WWE.FRIDAY.NIGHT.SMACKDOW,,2012-09-03T02:46:38Z
