Filename,Size,Unit
Kevin Smith Show [08.24.07] - George Knapp.rar,28.44,M
