Filename,Size,Unit
/64v3/100.jpg,232.95,K
/64v3/101.jpg,227.43,K
/64v3/102.jpg,220.71,K
/64v3/103.jpg,210.34,K
/64v3/104.jpg,183.86,K
/64v3/105.jpg,184.44,K
/64v3/106.jpg,187.81,K
/64v3/107.jpg,194.46,K
/64v3/108.jpg,182.09,K
/64v3/109.jpg,179,K
/64v3/110.jpg,163.11,K
/64v3/111.jpg,142.07,K
/64v3/112.jpg,168.38,K
/64v3/113.jpg,175.75,K
/64v3/114.jpg,137.25,K
/64v3/115.jpg,200.84,K
/64v3/116.jpg,156.01,K
/64v3/117.jpg,209.5,K
/64v3/118.jpg,130.97,K
/64v3/119.jpg,194.39,K
/64v3/120.jpg,169.55,K
/64v3/121.jpg,186.11,K
/64v3/122.jpg,226.4,K
/64v3/123.jpg,196.48,K
/64v3/124.jpg,226.44,K
/64v3/125.jpg,211.44,K
/64v3/126.jpg,183.94,K
/64v3/127.jpg,214.06,K
/64v3/128.jpg,147.31,K
/64v3/129.jpg,157.81,K
/64v3/130.jpg,150.88,K
/64v3/131.jpg,153.02,K
/64v3/132.jpg,163.98,K
/64v3/133.jpg,187.19,K
/64v3/134.jpg,162.72,K
/64v3/135.jpg,161.66,K
/64v3.wmv,28.29,M
