Filename,Size,Unit
Wizo - Der lustige Tagedieb (Elserhalle - Munich - 23-01-05).avi,44.14,M
