Filename,Size,Unit
/Mantracker.S01E02.DSR.XViD-EXT.sfv,480,B
/Sample/ext-mt.s01e02.sample.avi,6.12,M
/ext-mt.s01.e02.nfo,6.35,K
/ext-mt.s01e02.xvid.part01.rar,14.31,M
/ext-mt.s01e02.xvid.part02.rar,14.31,M
/ext-mt.s01e02.xvid.part03.rar,14.31,M
/ext-mt.s01e02.xvid.part04.rar,14.31,M
/ext-mt.s01e02.xvid.part05.rar,14.31,M
/ext-mt.s01e02.xvid.part06.rar,14.31,M
/ext-mt.s01e02.xvid.part07.rar,14.31,M
/ext-mt.s01e02.xvid.part08.rar,14.31,M
/ext-mt.s01e02.xvid.part09.rar,14.31,M
/ext-mt.s01e02.xvid.part10.rar,14.31,M
/ext-mt.s01e02.xvid.part11.rar,14.31,M
/ext-mt.s01e02.xvid.part12.rar,11.73,M
