Filename,Size,Unit
/01 - Shut Up.mp3,4.15,M
/02 - Welcome to My Life.mp3,4.64,M
/03 - perfect world.mp3,5.29,M
/04 - Thank You.mp3,3.97,M
/05 - Me Against The World.mp3,4.41,M
/06 - Crazy.mp3,5,M
/07 - Jump.mp3,4.31,M
/08 - Everytime.mp3,5.53,M
/09 - Promise.mp3,4.85,M
/10 - One.mp3,4.63,M
/11 - Untitled.mp3,3.61,M
/Simple Plan - Still Not Getting Any (Back).jpg,199.11,K
/Simple Plan - Still Not Getting Any (Front).jpg,175.95,K
