Title,Type,Files,Size,IMDB,Spoken Languages,Texted Languages,Tags,Quality (+),Quality (-),Uploaded,By,User Type,Seeders,Leechers,Info Hash,Picture,Capture Date
"Flamenco A Go Go - Fully Fed Freaks [CBR~192K, LAME]",101,10,39.53 MiB (41454848 Bytes),,,,,0,0,2005-04-16T07:54:07Z,worm_ramone,,0,1,D73D5563D644DC82E1CD879E52A38B9318CA6B84,,2012-09-13T06:24:03Z
