Title,Type,Files,Size,IMDB,Spoken Languages,Texted Languages,Tags,Quality (+),Quality (-),Uploaded,By,User Type,Seeders,Leechers,Info Hash,Picture,Capture Date
Les tres riches heures du cannabis,601,1,17.36 MiB (18202503 Bytes),,,French,,0,0,2007-11-01T00:44:10Z,fly__,,1,0,4250DECAAE3F2108AD1E7B58C06AE36EC29E20B2,,2012-08-28T06:02:11Z
