Title,Type,Files,Size,IMDB,Spoken Languages,Texted Languages,Tags,Quality (+),Quality (-),Uploaded,By,User Type,Seeders,Leechers,Info Hash,Picture,Capture Date
Route 66 North America Maps,304,6,2.52 GiB (2710328630 Bytes),,,,,0,0,2007-03-29T01:48:40Z,littlerichie29,,1,3,86BE2D05E5907EF5515C44E8A89EE43EC19DF8A0,,2012-09-02T21:00:32Z
