Title,Type,Files,Size,IMDB,Spoken Languages,Texted Languages,Tags,Quality (+),Quality (-),Uploaded,By,User Type,Seeders,Leechers,Info Hash,Picture,Capture Date
XXX - Drunk Blonde Has Sex (75 min. film).wmv,501,1,257.06 MiB (269549533 Bytes),,,,,0,0,2007-07-23T17:45:10Z,bumletog,,0,0,3FB4221CAB6260EC8DA92125F70F188066C99DDB,,2012-08-31T00:55:48Z
