Filename,Size,Unit
/0106_Arachnia_01Intro.wmv,10.27,M
/0106_Arachnia_02.wmv,44.12,M
/0106_Arachnia_03.wmv,42.25,M
/0106_Arachnia_04.wmv,39.55,M
/0106_Arachnia_05.wmv,41.94,M
/0106_Arachnia_06.wmv,23.22,M
/0106_Arachnia_07.wmv,22.27,M
/0106_Arachnia_08Interview.wmv,8.53,M
