Filename,Size,Unit
jay_landy_rooftop.mpg,54.04,M
