Title,Type,Files,Size,IMDB,Spoken Languages,Texted Languages,Tags,Quality (+),Quality (-),Uploaded,By,User Type,Seeders,Leechers,Info Hash,Picture,Capture Date
PSP Movie Creator,301,1,5.44 MiB (5700795 Bytes),,,,,0,0,2006-03-28T23:43:46Z,Highstate,,1,0,F749FB6679D2CEA84D2F97E6F3DBEFA4B8C5D791,,2012-09-07T03:23:57Z
