Filename,Size,Unit
Neil Young - The Needle And The Damage Done (Live Conan O'Brien).mpg,22.5,M
