User Type,Username,Date,Text
,gizmopus,2005-07-30T21:31Z,SEED??
