User Type,Username,Date,Text
,fsoderling,2008-10-01T10:16Z,skulle behĂśva att NĂ&#x2026;GON seeda!
