Filename,Size,Unit
/Terry Poison - 24 Hours.mp3,4.93,M
/Terry Poison - Buzz on the Bell.mp3,4.92,M
/Terry Poison - Comme Ci Comme Ca.mp3,5.17,M
/Terry Poison - Smack Snack.mp3,5.35,M
/Terry Poison - Synthetic Harmonizer.mp3,5.19,M
