Title,Type,Files,Size,IMDB,Spoken Languages,Texted Languages,Tags,Quality (+),Quality (-),Uploaded,By,User Type,Seeders,Leechers,Info Hash,Picture,Capture Date
A-Ha vs Nickleback - This Is How You Take On Me,101,1,6.7 MiB (7022720 Bytes),,,,,0,0,2005-10-10T17:04:39Z,mclarenno,,5,0,56BCD6A4F0A5D2021664A73C9541794CEBA86FB7,,2012-09-08T20:50:07Z
