Filename,Size,Unit
/@ Infected Mushroom - B.M.Empire - 001 - Never Ever Land.mp3,8.9,M
/@ Infected Mushroom - B.M.Empire - 002 - Unbalanced (Baby Killer Rmx).mp3,8.31,M
/@ Infected Mushroom - B.M.Empire - 003 - Spaniard.mp3,8.75,M
/@ Infected Mushroom - B.M.Empire - 004 - B.P.Empire.mp3,10.5,M
/@ Infected Mushroom - B.M.Empire - 005 - Funchameleon.mp3,7.92,M
/@ Infected Mushroom - B.M.Empire - 006 - Tasty Mushroom.mp3,7.94,M
/@ Infected Mushroom - B.M.Empire - 007 - Noise Maker.mp3,8.77,M
/@ Infected Mushroom - B.M.Empire - 008 - P.G.M.mp3,8.42,M
/@ Infected Mushroom - B.M.Empire - 009 - Dancing With Kadafi.mp3,11.86,M
/@ Infected Mushroom - Classical Mushroom - 001 - Bust A Move.mp3,6.2,M
/@ Infected Mushroom - Classical Mushroom - 002 - None Of This Is Real.mp3,4.52,M
/@ Infected Mushroom - Classical Mushroom - 003 - Sailing In The Sea Of Mushroom.mp3,6.36,M
/@ Infected Mushroom - Classical Mushroom - 004 - The Shen.mp3,6.38,M
/@ Infected Mushroom - Classical Mushroom - 005 - Disco Mushroom.mp3,6.83,M
/@ Infected Mushroom - Classical Mushroom - 006 - Dracul.mp3,6,M
/@ Infected Mushroom - Classical Mushroom - 007 - Nothing Comes Easy.mp3,5.52,M
/@ Infected Mushroom - Classical Mushroom - 008 - Mush Mushi.mp3,5.89,M
/@ Infected Mushroom - Classical Mushroom - 009 - The Missed Symphony.mp3,7.77,M
/@ Infected Mushroom - Deeply Disturbed - 001 - Deeply Disturbed (Edit).mp3,5.26,M
/@ Infected Mushroom - Deeply Disturbed - 002 - Deeply Disturbed (Original) [Converting Vegetarians - 008].mp3,11.5,M
/@ Infected Mushroom - Deeply Disturbed - 003 - Deeply Disturbed (Violet Vision).mp3,8.5,M
/@ Infected Mushroom - Deeply Disturbed - 004 - Deeply Disturbed (Yahel Remix).mp3,10.39,M
/@ Infected Mushroom - Deeply Disturbed - 005 - Drop Out.mp3,7.4,M
/@ Infected Mushroom - Ecclectic Traxx 2 - 001 - Buiz Berder.mp3,5.65,M
/@ Infected Mushroom - Ecclectic Traxx 2 - 003 - Overload (Deedrah Remix).mp3,9.65,M
/@ Infected Mushroom - Ecclectic Traxx 2 - 007 - Acid Killer (Feat. Xerox).mp3,7.39,M
/@ Infected Mushroom - Ecclectic Traxx 2 - 008 - Gravity Waves (Feat. Xerox).mp3,10.95,M
/@ Infected Mushroom - Merlin - 001 - Merlin.mp3,9.14,M
/@ Infected Mushroom - Merlin - 002 - Look At Me.mp3,11.61,M
/@ Infected Mushroom - Merlin - 003 - Dream Theatre.mp3,10.8,M
/@ Infected Mushroom - Merlin - 005 - Where Is S [Ecclectic Traxx 2 - 005].mp3,14.37,M
/@ Infected Mushroom - Merlin - 006 - Clssical Mushroom.mp3,12.78,M
/@ Infected Mushroom - Merlin - 007 - Muddy Effect.mp3,10.95,M
/@ Infected Mushroom - Merlin - 008 - Angel Johnatan.mp3,9.95,M
/@ Infected Mushroom - Merlin - 009 - Gamma Goblins [My Mummy Said - 005].mp3,10.55,M
/@ Infected Mushroom - My Mummy Said - 001 - My Mummy Said.mp3,8.51,M
/@ Infected Mushroom - My Mummy Said - 002 - Elm [Ecclectic Traxx 2 - 002].mp3,12.93,M
/@ Infected Mushroom - My Mummy Said - 003 - The Messenger (Feat. DJ Jorg) [Ecclectic Traxx 2 - 006].mp3,16.4,M
/@ Infected Mushroom - My Mummy Said - 004 - Twisted [Ecclectic Traxx 2 - 004].mp3,14.04,M
/@ Infected Mushroom - My Mummy Said - 007 - The Fly.mp3,10.56,M
/@ Infected Mushroom - The Gathering - 001 - Release Me.mp3,6.54,M
/@ Infected Mushroom - The Gathering - 002 - The Gathering.mp3,5.98,M
/@ Infected Mushroom - The Gathering - 003 - Return Of The Shadows.mp3,6.05,M
/@ Infected Mushroom - The Gathering - 004 - Blue Muppet.mp3,6.14,M
/@ Infected Mushroom - The Gathering - 005 - Psycho [Merlin - 004].mp3,6.4,M
/@ Infected Mushroom - The Gathering - 006 - Montoya RMX.mp3,6.59,M
/@ Infected Mushroom - The Gathering - 007 - Tommy The Bat.mp3,5.65,M
/@ Infected Mushroom - The Gathering - 008 - Virtual Voyages.mp3,6.13,M
/@ Infected Mushroom - The Gathering - 009 - Over Mode.mp3,6.4,M
/@ Infected Mushroom - Vicious Delicious - 00_infected_mushroom-vicious_delicious-2007.m3u,220,B
/@ Infected Mushroom - Vicious Delicious - 01_becoming_insane.mp3,11.17,M
/@ Infected Mushroom - Vicious Delicious - 02_artillery.mp3,6.27,M
/@ Infected Mushroom - Vicious Delicious - 03_vicious_delicious.mp3,10.72,M
/@ Infected Mushroom - Vicious Delicious - 05_suliman.mp3,9.33,M
/@ Infected Mushroom - Vicious Delicious - 06_forgive_me.mp3,5.34,M
/@ Infected Mushroom - Vicious Delicious - 07_special_place.mp3,9.58,M
/@ Infected Mushroom - Vicious Delicious - 08_in_front_of_me.mp3,6.22,M
/@ Infected Mushroom - Vicious Delicious - 09_eat_it_raw.mp3,9.14,M
/@ Infected Mushroom - Vicious Delicious - 10_change_the_formality.mp3,11.4,M
/@ Infected Mushroom - Vicious Delicious - 11_before.mp3,9.64,M
/@Infected Mushroom - My Mummy Said - 008 - Double Click.mp3,8.82,M
/@Infected Mushroom - Vicious Delicious - 04_heavyweight.mp3,12.95,M
/Infected Mushroom - After 1000 Years.mp3,12.95,M
/Infected Mushroom - Anyone Else But Me.mp3,10.81,M
/Infected Mushroom - B.P.Empire (Deep Mix).mp3,10.46,M
/Infected Mushroom - Baby Killer.mp3,8.83,M
"/Infected Mushroom - Best Dope (Feat. Cosma, Yahel).mp3",10.89,M
/Infected Mushroom - Birthday (Feat. berry sakharof) {Heb}.mp3,6.61,M
/infected mushroom - Bizarro IsrAliens.mp3,8.49,M
/Infected Mushroom - Blue Rythmic Night.mp3,17.44,M
/Infected Mushroom - Blues Brothers.mp3,7.54,M
/Infected Mushroom - Cat On Mushroom (Feat. Space Cat).mp3,10.55,M
/Infected Mushroom - Children Of The Doc.mp3,10.86,M
/Infected Mushroom - Chmimo.mp3,3.91,M
/Infected Mushroom - Converting Vegetarians (2 CDs)/CD1/01 - Albibeno.mp3,6.46,M
/Infected Mushroom - Converting Vegetarians (2 CDs)/CD1/02 - Hush Mail.mp3,6.43,M
/Infected Mushroom - Converting Vegetarians (2 CDs)/CD1/03 - Apogiffa Night.mp3,7.45,M
/Infected Mushroom - Converting Vegetarians (2 CDs)/CD1/04 - Song Pong.mp3,7.89,M
/Infected Mushroom - Converting Vegetarians (2 CDs)/CD1/05 - Chaplin.mp3,6.33,M
/Infected Mushroom - Converting Vegetarians (2 CDs)/CD1/06 - Echonomix.mp3,7.08,M
/Infected Mushroom - Converting Vegetarians (2 CDs)/CD1/07 - Scorpion Frog.mp3,7.33,M
/Infected Mushroom - Converting Vegetarians (2 CDs)/CD1/08 - Deeply Disturbed.mp3,7.73,M
/Infected Mushroom - Converting Vegetarians (2 CDs)/CD1/09 - Semi Nice.mp3,5.64,M
/Infected Mushroom - Converting Vegetarians (2 CDs)/CD1/10 - Yanko Pitch.mp3,7.53,M
/Infected Mushroom - Converting Vegetarians (2 CDs)/CD2/01 - Converting Vegetarians.mp3,5.19,M
/Infected Mushroom - Converting Vegetarians (2 CDs)/CD2/02 - Elation Station.mp3,5.12,M
/Infected Mushroom - Converting Vegetarians (2 CDs)/CD2/03 - Drop Out.mp3,4.8,M
/Infected Mushroom - Converting Vegetarians (2 CDs)/CD2/04 - Avratz.mp3,9.52,M
/Infected Mushroom - Converting Vegetarians (2 CDs)/CD2/05 - Blink.mp3,5.07,M
/Infected Mushroom - Converting Vegetarians (2 CDs)/CD2/06 - Shakawkaw.mp3,3.8,M
/Infected Mushroom - Converting Vegetarians (2 CDs)/CD2/07 - Pletzturra.mp3,6.18,M
/Infected Mushroom - Converting Vegetarians (2 CDs)/CD2/08 - I Wish.mp3,2.76,M
/Infected Mushroom - Converting Vegetarians (2 CDs)/CD2/09 - ballerium.mp3,10.03,M
/Infected Mushroom - Crazy D.mp3,6.93,M
/Infected Mushroom - Dainai {Heb}.mp3,8.63,M
/Infected Mushroom - Dead Prince.mp3,7.33,M
/Infected Mushroom - Death Killer (Feat. GMS).mp3,12.48,M
/Infected Mushroom - Devil (Final Mix).mp3,9.68,M
/Infected Mushroom - Dirty 80's.mp3,7.51,M
/Infected Mushroom - Doremifas {Heb}.mp3,8.51,M
"/Infected Mushroom - Double Click (Piano Version, Feat Liranran).mp3",10.99,M
/Infected Mushroom - Easy Going (Nothing Comes Easy Rmx).mp3,9.93,M
/Infected Mushroom - End Of Infinity.mp3,8.45,M
/Infected Mushroom - Eve Down.mp3,12.19,M
/Infected Mushroom - Expose.mp3,11.72,M
/Infected Mushroom - From Fullmoon To Sunrise.mp3,6.52,M
/Infected Mushroom - Infected (Komet Mix).mp3,17.42,M
/Infected Mushroom - Infected Rock (Feat. Mashina) {Heb}.mp3,6.13,M
/Infected Mushroom - Intelligate.mp3,8.42,M
/Infected Mushroom - Into The Matrix.mp3,6.57,M
/Infected Mushroom - Melody.mp3,7.21,M
/Infected Mushroom - Montoya (Feat. UfoSound).mp3,8.6,M
/Infected Mushroom - Nn (Feat. Talamasca) {Heb}.Mp3,12.19,M
/Infected Mushroom - One Absolute (Magic Mushroom).mp3,8.06,M
/Infected Mushroom - Power Of Celtic (Remix).mp3,7.16,M
"/Infected Mushroom - Psycho (Remix, Talamasca, Nomad).mp3",10.73,M
/Infected Mushroom - Roll Us A Giant.mp3,14.56,M
/Infected Mushroom - S Is Here.mp3,12.44,M
/Infected Mushroom - Scotch (Feat. Domestic).mp3,7.76,M
/Infected Mushroom - Smahutta.mp3,8.49,M
/Infected Mushroom - Small Moves.mp3,6.63,M
/Infected Mushroom - Space Mantra.mp3,10.51,M
/Infected Mushroom - Statik Dacing (Feat. Berry Sakharof) {Heb}.mp3,6.49,M
/Infected Mushroom - Stomper.mp3,7.44,M
/Infected Mushroom - Symphonatic.mp3,8.82,M
/Infected mushroom - Trippy Shit.mp3,3.85,M
/Infected Mushroom - Xargon (Feat. Razor) {Heb}.Mp3,11.89,M
/infected mushroom - You Dont Exist.mp3,7.16,M
/Infected Mushroom - Zahadum {Heb}.mp3,20.16,M
