Filename,Size,Unit
/Afther the Fox.txt,174,B
/Torrent downloaded from Demonoid.com.txt,47,B
/Torrent downloaded from dvdquorum.es.txt,317,B
/VIDEO_TS/VIDEO_TS.BUP,16,K
/VIDEO_TS/VIDEO_TS.IFO,16,K
/VIDEO_TS/VIDEO_TS.VOB,154,K
/VIDEO_TS/VTS_01_0.BUP,40,K
/VIDEO_TS/VTS_01_0.IFO,40,K
/VIDEO_TS/VTS_01_0.VOB,2.91,M
/VIDEO_TS/VTS_01_1.VOB,390,K
/VIDEO_TS/VTS_02_0.BUP,70,K
/VIDEO_TS/VTS_02_0.IFO,70,K
/VIDEO_TS/VTS_02_0.VOB,154,K
/VIDEO_TS/VTS_02_1.VOB,1024,M
/VIDEO_TS/VTS_02_2.VOB,1024,M
/VIDEO_TS/VTS_02_3.VOB,1024,M
/VIDEO_TS/VTS_02_4.VOB,1024,M
/VIDEO_TS/VTS_02_5.VOB,291.94,M
/VIDEO_TS/VTS_03_0.BUP,18,K
/VIDEO_TS/VTS_03_0.IFO,18,K
/VIDEO_TS/VTS_03_0.VOB,154,K
/VIDEO_TS/VTS_03_1.VOB,7.72,M
/VIDEO_TS/VTS_04_0.BUP,18,K
/VIDEO_TS/VTS_04_0.IFO,18,K
/VIDEO_TS/VTS_04_0.VOB,154,K
/VIDEO_TS/VTS_04_1.VOB,4.79,M
/VIDEO_TS/VTS_05_0.BUP,18,K
/VIDEO_TS/VTS_05_0.IFO,18,K
/VIDEO_TS/VTS_05_0.VOB,154,K
/VIDEO_TS/VTS_05_1.VOB,7.71,M
