User Type,Username,Date,Text
,kite66,2007-07-17T20:47Z,"SEED
Don't start download this torrent 
PowerCheez is full of shit"
