Filename,Size,Unit
/Red Beard.avi,1.12,G
/Red Beard.srt,136.16,K
