Filename,Size,Unit
"5th Gear - Car vs Bike vs Boat(Honda 2004 F1 Car, Honda Fireblade Racebike and Honda Formula Fourstroke Boat).avi",87.64,M
