User Type,Username,Date,Text
,DPStudio,2006-12-11T20:57Z,this one is old  look 4 v 2.70.16
