Filename,Size,Unit
/00-dj_delarium-trance_classics_vol4-cda-proper-2007-nah.jpg,85.66,K
/00-dj_delarium-trance_classics_vol4-cda-proper-2007-nah.m3u,114,B
/00-dj_delarium-trance_classics_vol4-cda-proper-2007-nah.nfo,782,B
/00-dj_delarium-trance_classics_vol4-cda-proper-2007-nah.sfv,368,B
/01-dj_delarium-trance_classics_vol4-proper-nah.mp3,72.84,M
