Title,Type,Files,Size,IMDB,Spoken Languages,Texted Languages,Tags,Quality (+),Quality (-),Uploaded,By,User Type,Seeders,Leechers,Info Hash,Picture,Capture Date
PC för Alla 01-2006 till 09-2006,601,9,487.88 MiB (511575041 Bytes),,,Swedish,,0,0,2007-01-27T20:19:39Z,daaal,,1,0,4E8C5393836C504F4A8484AE1F9384BA24A6BC94,,2012-09-03T23:26:38Z
