Filename,Size,Unit
"Marilyn Manson - Live 2007-05-29 - Firenze, Italy.rar",30.75,M
