Filename,Size,Unit
Big Brother   19.02.2005 Hannah and Dennis part2.avi,41,M
