Title,Type,Files,Size,IMDB,Spoken Languages,Texted Languages,Tags,Quality (+),Quality (-),Uploaded,By,User Type,Seeders,Leechers,Info Hash,Picture,Capture Date
Penumbra Overture [English][PC],401,29,373.26 MiB (391396525 Bytes),,,,,2,2,2007-07-01T23:06:04Z,torrentscwb,,24,1,105858775E0F9EB00F8731513131EEE53F018586,,2012-08-31T09:57:48Z
