Filename,Size,Unit
/easysleep.rar,285.15,K
