Title,Type,Files,Size,IMDB,Spoken Languages,Texted Languages,Tags,Quality (+),Quality (-),Uploaded,By,User Type,Seeders,Leechers,Info Hash,Picture,Capture Date
Nero 6 DVD-Video Plugin + Serial.zip,301,1,187.31 KiB (191803 Bytes),,,,,0,0,2005-02-22T20:43:49Z,Xtray,,1,0,A3178875DEBE15E39CE485FAD1A98CBF0D13D98E,,2012-09-13T21:02:00Z
