Filename,Size,Unit
Red Skelton[Eng][DVDRip][TV][Vol2].avi,700.08,M
