Title,Type,Files,Size,IMDB,Spoken Languages,Texted Languages,Tags,Quality (+),Quality (-),Uploaded,By,User Type,Seeders,Leechers,Info Hash,Picture,Capture Date
Edwin Siu + Jade Kwan - KTV,203,1,38.56 MiB (40435628 Bytes),,,,,0,0,2005-04-21T23:00:54Z,Weslo,,0,0,89DCA6A0F00EACCF36B5FA784F0D037E3968D395,,2012-09-13T04:33:11Z
