Title,Type,Files,Size,IMDB,Spoken Languages,Texted Languages,Tags,Quality (+),Quality (-),Uploaded,By,User Type,Seeders,Leechers,Info Hash,Picture,Capture Date
Cream Pie POV 4 XXX [DCDRIP][Anal],501,5,1.3 GiB (1392929322 Bytes),,English,,,0,0,2006-01-07T14:36:49Z,pctorrent,[T],1,3,8ECE74AFEC178DA6EBB32E6516DCA47B6D3D32FF,,2012-09-07T22:21:46Z
