Title,Type,Files,Size,IMDB,Spoken Languages,Texted Languages,Tags,Quality (+),Quality (-),Uploaded,By,User Type,Seeders,Leechers,Info Hash,Picture,Capture Date
cob-cry.iso,203,1,4.33 GiB (4644542464 Bytes),,,,,0,0,2006-11-18T21:09:17Z,miki666,,0,1,00612F10183C11E8451FC29F5F3FEDDBE3EFFFEA,,2012-09-05T01:54:59Z
