Filename,Size,Unit
PDFCreator-0_9_3_GPLGhostscript.exe,12.64,M
