User Type,Username,Date,Text
,_FVIB_,2007-04-04T12:29Z,Håller på att ladda ner det :P Behöver verkligen C++ För håller pöå att läsa programmering nu i skolan :D Tack på förhand...!! :) 
