Filename,Size,Unit
pleasure-back to you.rar,4.51,M
