Filename,Size,Unit
Unforgiven.avi,701.11,M
