Filename,Size,Unit
/Hide and Seek (El Escondite) [Telecine][2005][English+Subs.Esp][www.pctorrent.com].avi,700.2,M
/Hide and Seek (El Escondite) [Telecine][2005][English+Subs.Esp][www.pctorrent.com].srt,57.12,K
/Nos das  tu voto - It gives your vote.url,156,B
/PCToRRenT - DivX  Juegos PC Mp3 Software  Y Mas !!  Tu WeB de BiTToRRenT.url,135,B
/PCTorrent Movil.url,162,B
