Filename,Size,Unit
/1st Period.mp4,280.74,M
/2nd Period.mp4,293.39,M
/3rd Period.mp4,284.32,M
