Title,Type,Files,Size,IMDB,Spoken Languages,Texted Languages,Tags,Quality (+),Quality (-),Uploaded,By,User Type,Seeders,Leechers,Info Hash,Picture,Capture Date
PowerDVD 5 with serial,301,1,6.31 MiB (6611350 Bytes),,,,,0,0,2004-09-27T22:32:32Z,sprillans,,0,1,5446E364D0945F29B77DAF365069CDD2F027DB0E,,2012-09-15T04:49:11Z
