Title,Type,Files,Size,IMDB,Spoken Languages,Texted Languages,Tags,Quality (+),Quality (-),Uploaded,By,User Type,Seeders,Leechers,Info Hash,Picture,Capture Date
Koda kumi - Unmei ,203,1,268.27 MiB (281296716 Bytes),,,,,0,0,2007-06-20T19:48:10Z,bigboss17,,0,0,3713DE861DB64DE835B177505721715D2FC8F93B,,2012-08-31T14:45:14Z
