Title,Type,Files,Size,IMDB,Spoken Languages,Texted Languages,Tags,Quality (+),Quality (-),Uploaded,By,User Type,Seeders,Leechers,Info Hash,Picture,Capture Date
Seven Brides For Seven Brothers,101,10,29.28 MiB (30706601 Bytes),,,,,0,0,2006-10-31T08:19:16Z,smatchet,,0,2,9D405794750DC2899BB9B0EF720502CC0A974602,,2012-09-05T07:06:55Z
