User Type,Username,Date,Text
,The Jellyfish,2007-11-04T12:28Z,"tack! =)
Lägg jätte gärna upp Babben & Co oxå om du kan. :)"
,Jimpa1919,2007-11-04T15:08Z,tackkar!!!!
,daWaith,2007-11-04T18:27Z,"Tack tack :)
Keep em´ commin´ plz ;)"
,Chimairo,2007-11-04T23:18Z,ingen som lagt uppnån annan version .såfår väl ta denna 5.1 version då. Tack
,Chimairo,2007-11-04T23:19Z,ingen som lagt uppnån annan version .såfår väl ta denna 5.1 version då.
,sonice75,2007-11-28T21:01Z,när kommer 10 an
