Title,Type,Files,Size,IMDB,Spoken Languages,Texted Languages,Tags,Quality (+),Quality (-),Uploaded,By,User Type,Seeders,Leechers,Info Hash,Picture,Capture Date
Aynsley Lister - Everything I Need,101,10,72.06 MiB (75557115 Bytes),,,,,0,0,2007-08-11T10:24:21Z,bluesBob,,4,1,0EF589A6529226DE73ECB360F987D3A974769B7A,,2012-08-30T16:04:05Z
