Filename,Size,Unit
/sample/superQ-hoax.vob,47.68,M
/superQ-hoax.nfo,1.38,K
/superQ-hoax.r00,47.68,M
/superQ-hoax.r01,47.68,M
/superQ-hoax.r02,47.68,M
/superQ-hoax.r03,47.68,M
/superQ-hoax.r04,47.68,M
/superQ-hoax.r05,47.68,M
/superQ-hoax.r06,47.68,M
/superQ-hoax.r07,47.68,M
/superQ-hoax.r08,47.68,M
/superQ-hoax.r09,47.68,M
/superQ-hoax.r10,47.68,M
/superQ-hoax.r11,47.68,M
/superQ-hoax.r12,47.68,M
/superQ-hoax.r13,47.68,M
/superQ-hoax.r14,47.68,M
/superQ-hoax.r15,47.68,M
/superQ-hoax.r16,47.68,M
/superQ-hoax.r17,47.68,M
/superQ-hoax.r18,47.68,M
/superQ-hoax.r19,47.68,M
/superQ-hoax.r20,47.68,M
/superQ-hoax.r21,47.68,M
/superQ-hoax.r22,47.68,M
/superQ-hoax.r23,47.68,M
/superQ-hoax.r24,47.68,M
/superQ-hoax.r25,47.68,M
/superQ-hoax.r26,47.68,M
/superQ-hoax.r27,47.68,M
/superQ-hoax.r28,47.68,M
/superQ-hoax.r29,47.68,M
/superQ-hoax.r30,47.68,M
/superQ-hoax.r31,47.68,M
/superQ-hoax.r32,47.68,M
/superQ-hoax.r33,47.68,M
/superQ-hoax.r34,47.68,M
/superQ-hoax.r35,47.68,M
/superQ-hoax.r36,47.68,M
/superQ-hoax.r37,47.68,M
/superQ-hoax.r38,47.68,M
/superQ-hoax.r39,47.68,M
/superQ-hoax.r40,47.68,M
/superQ-hoax.r41,47.68,M
/superQ-hoax.r42,47.68,M
/superQ-hoax.r43,47.68,M
/superQ-hoax.r44,47.68,M
/superQ-hoax.r45,47.68,M
/superQ-hoax.r46,47.68,M
/superQ-hoax.r47,47.68,M
/superQ-hoax.r48,47.68,M
/superQ-hoax.r49,47.68,M
/superQ-hoax.r50,47.68,M
/superQ-hoax.r51,47.68,M
/superQ-hoax.r52,47.68,M
/superQ-hoax.r53,47.68,M
/superQ-hoax.r54,47.68,M
/superQ-hoax.r55,47.68,M
/superQ-hoax.r56,47.68,M
/superQ-hoax.r57,47.68,M
/superQ-hoax.r58,47.68,M
/superQ-hoax.r59,47.68,M
/superQ-hoax.r60,47.68,M
/superQ-hoax.r61,47.68,M
/superQ-hoax.r62,47.68,M
/superQ-hoax.r63,47.68,M
/superQ-hoax.r64,47.68,M
/superQ-hoax.r65,47.68,M
/superQ-hoax.r66,47.68,M
/superQ-hoax.r67,47.68,M
/superQ-hoax.r68,47.68,M
/superQ-hoax.r69,47.68,M
/superQ-hoax.r70,47.68,M
/superQ-hoax.r71,47.68,M
/superQ-hoax.r72,47.68,M
/superQ-hoax.r73,47.68,M
/superQ-hoax.r74,47.68,M
/superQ-hoax.r75,47.68,M
/superQ-hoax.r76,47.68,M
/superQ-hoax.r77,47.68,M
/superQ-hoax.r78,47.68,M
/superQ-hoax.r79,47.68,M
/superQ-hoax.r80,47.68,M
/superQ-hoax.r81,47.68,M
/superQ-hoax.r82,47.68,M
/superQ-hoax.r83,47.68,M
/superQ-hoax.r84,47.68,M
/superQ-hoax.r85,47.68,M
/superQ-hoax.r86,33.28,M
/superQ-hoax.rar,47.68,M
/superQ-hoax.SFV,6.91,K
