Filename,Size,Unit
/Sample/stargate.atlantis.s01e09.ws.dvdrip.sample-saints.avi,4.41,M
/stargate.atlantis.s01e09.ws.dvdrip-saints.nfo,12.36,K
/stargate.atlantis.s01e09.ws.dvdrip-saints.part01.rar,14.31,M
/stargate.atlantis.s01e09.ws.dvdrip-saints.part02.rar,14.31,M
/stargate.atlantis.s01e09.ws.dvdrip-saints.part03.rar,14.31,M
/stargate.atlantis.s01e09.ws.dvdrip-saints.part04.rar,14.31,M
/stargate.atlantis.s01e09.ws.dvdrip-saints.part05.rar,14.31,M
/stargate.atlantis.s01e09.ws.dvdrip-saints.part06.rar,14.31,M
/stargate.atlantis.s01e09.ws.dvdrip-saints.part07.rar,14.31,M
/stargate.atlantis.s01e09.ws.dvdrip-saints.part08.rar,14.31,M
/stargate.atlantis.s01e09.ws.dvdrip-saints.part09.rar,14.31,M
/stargate.atlantis.s01e09.ws.dvdrip-saints.part10.rar,14.31,M
/stargate.atlantis.s01e09.ws.dvdrip-saints.part11.rar,14.31,M
/stargate.atlantis.s01e09.ws.dvdrip-saints.part12.rar,14.31,M
/stargate.atlantis.s01e09.ws.dvdrip-saints.part13.rar,14.31,M
/stargate.atlantis.s01e09.ws.dvdrip-saints.part14.rar,14.31,M
/stargate.atlantis.s01e09.ws.dvdrip-saints.part15.rar,14.31,M
/stargate.atlantis.s01e09.ws.dvdrip-saints.part16.rar,14.31,M
/stargate.atlantis.s01e09.ws.dvdrip-saints.part17.rar,14.31,M
/stargate.atlantis.s01e09.ws.dvdrip-saints.part18.rar,14.31,M
/stargate.atlantis.s01e09.ws.dvdrip-saints.part19.rar,14.31,M
/stargate.atlantis.s01e09.ws.dvdrip-saints.part20.rar,14.31,M
/stargate.atlantis.s01e09.ws.dvdrip-saints.part21.rar,14.31,M
/stargate.atlantis.s01e09.ws.dvdrip-saints.part22.rar,14.31,M
/stargate.atlantis.s01e09.ws.dvdrip-saints.part23.rar,14.31,M
/stargate.atlantis.s01e09.ws.dvdrip-saints.part24.rar,14.31,M
/stargate.atlantis.s01e09.ws.dvdrip-saints.part25.rar,6.64,M
/stargate.atlantis.s01e09.ws.dvdrip.xvid-saints.sfv,1.54,K
