Title,Type,Files,Size,IMDB,Spoken Languages,Texted Languages,Tags,Quality (+),Quality (-),Uploaded,By,User Type,Seeders,Leechers,Info Hash,Picture,Capture Date
Hot young blonde,506,2,94.4 MiB (98988048 Bytes),,English,English,,0,0,2007-07-29T11:51:40Z,fullgonads,,0,0,186C8432A670B8FD40B36A4CF010CACDB4761F90,,2012-08-30T22:22:06Z
