Title,Type,Files,Size,IMDB,Spoken Languages,Texted Languages,Tags,Quality (+),Quality (-),Uploaded,By,User Type,Seeders,Leechers,Info Hash,Picture,Capture Date
Imaginationland Trilogy,205,6,1002.28 MiB (1050965873 Bytes),,English,,,0,0,2007-11-24T00:07:05Z,zimbomoose,,0,0,34EA0D749D0397902529D12766C25713AC33E22B,,2012-08-27T10:58:49Z
