Filename,Size,Unit
/britney_spears-gimme_more-uncensored-2nd_version-mv4u.sajt.org.avi,63.41,M
/britney_spears-gimme_more-uncensored-2nd_version-mv4u.sajt.org.nfo,2.11,K
/britney_spears-gimme_more-uncensored-2nd_version-mv4u.sajt.org.sfv,60,B
/visit MV4U.SAJT.ORG For More Music Video.txt,70,B
