Title,Type,Files,Size,IMDB,Spoken Languages,Texted Languages,Tags,Quality (+),Quality (-),Uploaded,By,User Type,Seeders,Leechers,Info Hash,Picture,Capture Date
Bernt Törnblom & Dogge Doggelito - Bimbo,101,3,6.71 MiB (7037548 Bytes),,,,,0,0,2007-03-20T17:51:43Z,zachariias,,0,0,70463FC0A176E7A04ED7DBF5D5BEC6062E667FEF,,2012-09-03T01:16:50Z
