User Type,Username,Date,Text
,Saapo,2007-02-05T15:21Z,Är de porrstjänor med?
,ballefaen,2007-02-06T15:08Z,denne var bra.last ned
,FRooG,2007-02-07T15:27Z,vadå är det porrstjärnor med!? Tera Patrick är ju med
,o_thug,2007-04-17T22:04Z,seed plzz!!!
,bin_laden,2007-05-15T22:56Z,plz seed
