User Type,Username,Date,Text
,sponken68,2006-01-04T21:43Z,"Seed, please!"
,datos,2006-02-14T09:23Z,Please Seed
,datos,2007-06-21T16:35Z,Seeed Pleeeze
