User Type,Username,Date,Text
,tribeboybena,2009-06-05T15:21Z,this torrent is dead.
