Filename,Size,Unit
my_sisters_Hot_Freind_Avy_Roth.wmv,102.83,M
