Title,Type,Files,Size,IMDB,Spoken Languages,Texted Languages,Tags,Quality (+),Quality (-),Uploaded,By,User Type,Seeders,Leechers,Info Hash,Picture,Capture Date
Lesbian Love - We Live Together - Part 3,501,72,1.86 GiB (1992290053 Bytes),,English,,,0,0,2006-06-08T16:18:41Z,Moonlighter,,2,1,22AA53535D709144874131A29F64CF8022720BF3,,2012-09-06T16:53:13Z
