Filename,Size,Unit
Heroes - String Theory -5 years latter.divx,105.47,M
