Title,Type,Files,Size,IMDB,Spoken Languages,Texted Languages,Tags,Quality (+),Quality (-),Uploaded,By,User Type,Seeders,Leechers,Info Hash,Picture,Capture Date
Kidz_Bop-The_Coolest_Kidz_Bop_Christmas_Ever-2007-PAiSAS,101,22,70.67 MiB (74107540 Bytes),,,,,0,0,2007-12-11T12:05:16Z,JackErr,[V],0,0,BAY.SE/3929578/KIDZ_BOP-THE_COOLEST_KIDZ,,2012-08-26T22:04:59Z
