User Type,Username,Date,Text
,fedocable,2008-01-02T01:01Z,"Gracias! Por cierto, si alguien pudiera subir algo de Daniela Herrero, serรก muy bienvenido."
