Filename,Size,Unit
/Iran - Yugoslavia 1.avi,848.84,M
/Iran - Yugoslavia 2.avi,781.35,M
