Filename,Size,Unit
Jose Gonzalez - Veneer (2005 - Mp3 128 Kbps).rar,27.74,M
