User Type,Username,Date,Text
,Jonson Jon,2007-02-02T19:33Z,HOW DO YOU DOWNLOAD???????????????????
