Filename,Size,Unit
[ www.d-t-d.cc ] Swissfuckers 76.rar,142.83,M
