Filename,Size,Unit
INLAND EMPIRE (David Lynch) Trailer.wmv,17.62,M
